0 6
9 15
0 6
4 8
11 17
27 41
0 6
22 28
16 22
28 36
9 16
0 6
31 36
0 6
4 10
0 6
0 6
43 47
9 15
43 53
9 13
25 33
32 40
22 28
5 18
6 13
0 3
20 26
38 54
5 18
5 11
11 17
14 20
0 6
5 14
25 34
16 24
14 17
5 16
32 40
0 8
0 6
0 5
19 25
32 40
0 6
25 33
32 40
0 6
22 28
19 25
36 42
9 23
11 17
32 37
32 37
19 25
0 6
0 6
19 25
12 22
22 28
25 34
0 6
20 29
21 27
0 6
0 14
22 28
0 4
18 30
9 18
32 43
32 38
32 37
23 31
0 8
25 33
22 28
22 28
27 35
14 27
19 25
19 25
30 38
4 10
10 15
9 18
32 37
0 6
0 14
32 37
11 17
0 6
32 37
0 6
0 6
25 34
32 40
7 11
25 36
30 38
0 6
19 25
41 44
16 22
0 6
18 27
0 5
22 28
22 28
0 14
0 6
32 37
0 6
34 42
34 44
41 46
32 40
11 17
32 43
0 6
10 17
0 11
0 18
0 9
11 17
25 37
4 14
0 8
21 29
4 15
0 6
32 40
11 17
30 49
27 33
0 6
0 6
0 6
19 25
10 13
25 34
23 27
28 36
24 32
0 6
19 25
30 38
0 6
21 32
39 44
32 40
19 25
0 6
41 50
16 21
3 9
22 28
0 6
19 25
14 36
11 17
19 25
32 37
19 25
22 28
16 24
41 49
0 6
0 8
9 16
9 15
16 35
12 22
19 25
0 6
14 21
12 22
0 6
19 25
11 17
11 17
0 6
18 27
0 6
13 24
32 40
19 25
25 32
0 6
25 30
32 40
30 37
25 34
0 6
18 27
0 6
19 25
9 15
0 6
36 62
0 6
42 50
22 28
16 21
0 6
32 37
11 17
0 10
0 6
0 14
16 22
19 25
32 40
0 6
25 31
0 6
19 25
0 6
20 29
22 28
22 28
22 28
5 11
0 6
32 40
25 34
16 22
22 28
30 39
11 17
6 12
0 14
19 25
32 40
0 6
36 44
5 11
45 61
0 6
11 14
32 40
41 54
44 57
32 37
5 16
21 32
0 5
32 36
11 17
30 38
32 40
4 10
11 17
15 24
10 16
25 33
0 6
32 40
25 34
18 27
0 6
36 44
0 6
27 35
41 54
32 40
0 6
32 43
0 4
5 16
37 63
22 28
5 11
5 11
16 24
0 11
22 28
19 25
40 49
22 28
32 37
22 28
5 10
27 43
4 10
19 25
28 35
9 18
0 6
16 22
0 7
25 35
25 37
4 10
19 25
32 37
14 21
16 22
0 10
30 37
19 25
3 17
0 6
22 32
32 37
19 25
4 10
7 11
21 26
14 23
4 10
5 15
32 37
4 10
32 40
0 6
19 25
25 30
11 17
11 17
0 13
0 6
20 29
19 25
15 24
0 6
9 15
32 40
0 15
5 18
14 23
25 34
0 6
21 29
11 17
32 40
4 10
18 27
0 6
26 34
21 29
0 6
0 8
32 40
9 18
0 6
14 23
32 40
28 36
30 43
15 24
32 37
9 18
11 17
0 3
32 37
0 6
19 25
25 34
0 4
25 34
19 25
26 40
10 24
26 41
11 17
15 24
0 6
7 11
1 16
0 6
29 37
0 13
30 39
27 37
0 6
32 40
16 22
32 45
16 22
0 4
0 6
0 5
8 11
32 40
34 43
11 17
16 30
41 49
0 6
9 18
11 17
5 11
19 25
0 6
19 25
41 46
30 39
22 28
9 13
26 31
27 32
36 42
0 6
32 38
0 6
13 19
4 10
0 6
0 6
0 6
57 64
32 45
22 28
34 43
0 6
18 27
25 34
0 4
14 18
5 18
22 28
32 40
41 46
31 40
23 31
32 37
7 31
25 33
0 6
32 37
0 6
0 6
16 24
37 63
32 40
0 6
0 3
0 6
9 15
11 17
25 30
7 11
32 41
41 46
0 4
19 25
21 27
0 6
22 28
0 18
30 35
7 16
5 11
0 6
32 40
0 6
0 10
32 40
0 6
21 27
32 37
4 10
13 17
32 37
5 11
11 17
0 6
32 42
0 6
0 4
0 6
0 6
22 28
0 15
22 28
0 7
22 28
7 21
16 24
32 42
28 37
11 17
41 54
16 24
0 4
10 25
11 17
11 17
22 28
0 6
11 17
0 16
11 17
32 38
0 10
10 18
0 6
30 37
5 16
6 10
11 17
0 8
6 10
5 15
47 53
0 7
21 27
22 28
0 6
17 29
0 6
16 34
0 4
16 22
11 17
4 8
32 39
23 32
20 29
32 37
19 25
14 25
11 17
11 17
32 37
19 25
25 34
11 17
11 17
25 38
0 10
32 36
25 33
19 25
0 10
0 13
4 10
4 10
0 6
0 11
0 6
0 13
4 10
32 41
0 13
26 31
18 27
21 29
11 17
0 6
22 30
5 11
5 11
32 38
19 25
0 6
32 37
32 35
11 25
0 4
22 28
0 6
32 46
32 43
0 8
9 12
32 40
14 34
0 18
18 27
0 6
0 9
12 18
19 25
22 28
40 45
30 39
25 33
0 6
29 34
0 6
0 6
22 28
0 6
0 6
11 17
45 50
36 47
41 48
0 6
25 30
9 13
41 65
5 13
41 46
32 37
0 13
7 19
22 29
0 10
19 25
0 5
0 11
32 43
4 10
0 7
32 40
11 17
22 28
40 49
10 16
11 17
16 22
0 8
4 20
29 34
22 31
0 10
0 6
7 11
11 17
0 8
4 17
18 24
9 15
22 28
0 5
18 25
0 6
16 22
0 6
9 18
4 10
32 40
0 3
32 37
0 6
0 7
22 28
24 28
41 46
22 28
32 43
20 27
18 27
32 37
9 13
28 40
32 37
36 46
22 28
32 40
26 41
32 53
25 30
0 6
25 34
4 31
0 12
0 7
60 73
37 43
16 24
15 24
0 10
0 6
32 40
32 40
0 9
19 25
5 11
0 8
0 6
9 22
0 7
0 6
5 16
25 30
3 9
5 11
16 22
0 4
32 37
0 6
15 24
21 27
11 17
3 11
0 6
22 28
5 15
32 40
0 11
32 40
25 31
19 25
52 63
18 27
41 46
0 6
21 30
11 27
25 34
9 15
25 34
0 6
11 17
4 11
0 6
0 6
33 38
25 34
4 10
0 6
22 28
0 6
32 40
0 14
32 40
0 6
4 10
19 29
32 40
11 17
9 18
0 6
22 28
14 40
48 52
9 16
11 17
10 21
0 8
0 8
19 25
25 43
15 24
25 30
7 25
16 24
14 21
0 6
0 6
0 6
14 20
0 6
32 40
32 38
11 17
29 38
28 54
11 17
0 13
0 13
23 38
11 17
0 10
25 44
0 6
16 21
33 45
21 26
0 6
32 40
22 28
3 9
11 17
22 28
11 17
31 38
32 37
0 6
38 55
11 17
0 6
33 41
25 33
4 11
4 14
0 6
0 6
0 8
9 20
22 28
25 38
13 20
40 53
19 25
0 11
19 25
0 6
0 6
32 37
0 11
11 17
32 37
22 28
7 11
0 4
0 6
11 17
32 40
25 34
33 42
32 37
25 30
0 9
11 17
22 28
0 6
32 42
16 22
0 7
25 33
34 39
32 36
7 11
32 37
25 34
0 6
0 6
31 37
32 40
32 37
32 37
2 8
11 17
0 8
0 6
19 25
0 6
4 10
32 40
8 15
25 34
40 48
41 49
0 6
11 17
4 10
0 6
11 17
18 27
18 27
20 24
5 12
4 10
0 14
42 47
5 11
19 25
19 25
0 6
32 37
22 28
32 37
25 34
22 28
5 13
32 38
11 17
32 37
19 25
8 16
5 16
0 9
19 25
0 5
32 37
32 40
19 25
0 6
29 47
0 6
19 25
11 17
41 49
2 18
32 37
0 6
9 20
6 15
0 6
32 46
47 51
5 8
24 33
9 15
15 24
0 7
22 28
0 3
22 28
23 32
0 12
32 40
0 6
0 6
0 10
32 42
19 25
11 17
22 28
4 10
0 5
0 6
30 49
0 9
45 53
10 16
22 28
25 33
19 25
29 37
0 6
8 21
0 6
11 17
32 40
0 7
43 47
9 18
0 10
0 10
32 37
0 6
15 29
18 22
32 37
15 24
4 9
0 4
5 14
3 11
32 36
0 6
34 43
41 49
0 6
19 25
11 17
32 45
3 21
42 64
32 37
0 6
0 6
22 28
0 10
18 27
7 11
9 18
0 6
32 44
0 11
9 18
21 30
18 32
0 6
30 38
2 20
36 45
32 45
0 6
0 6
14 25
32 40
29 49
0 6
4 16
15 18
0 6
21 27
42 68
32 40
41 48
32 37
0 6
28 36
37 42
31 36
22 28
25 34
19 32
11 27
0 9
11 17
3 9
14 20
25 34
18 24
32 41
0 6
3 9
0 4
19 25
0 6
11 17
0 7
15 19
23 31
5 10
9 17
22 28
0 6
19 25
29 37
22 28
32 40
0 4
22 28
0 6
0 6
32 40
32 40
4 17
11 17
0 6
11 17
43 47
0 6
0 9
21 32
0 17
32 43
19 25
0 6
22 28
0 6
11 17
0 6
29 35
20 29
0 11
12 17
5 11
23 30
0 6
32 40
32 40
18 27
22 28
16 24
29 37
22 28
10 29
23 29
16 22
0 6
32 39
0 6
0 6
5 13
25 34
0 18
0 19
0 6
22 28
27 35
24 32
19 25
7 17
32 40
0 4
25 34
0 6
0 6
35 62
32 40
32 40
3 16
10 16
0 6
32 38
19 25
22 28
25 33
25 34
0 6
0 6
32 40
0 6
11 17
44 56
23 27
14 22
32 43
0 3
6 23
0 6
32 37
0 4
0 8
9 15
0 15
32 39
25 34
22 31
19 33
41 46
0 7
0 6
0 23
11 17
32 37
32 40
5 16
30 35
20 25
30 38
16 29
27 41
0 6
5 12
18 27
18 27
5 10
16 24
11 17
0 8
11 17
19 25
29 38
22 28
32 40
25 38
22 28
27 32
0 6
27 32
5 11
19 25
32 40
19 25
0 6
32 53
0 6
32 36
19 25
0 6
39 65
16 25
25 33
5 8
18 27
29 33
0 9
22 28
19 25
4 10
32 40
45 53
3 11
19 25
0 6
3 9
0 6
11 17
32 40
10 13
0 6
32 52
16 27
25 29
7 18
32 37
41 46
21 32
0 6
5 16
0 13
32 40
42 46
14 20
15 25
9 18
19 25
32 40
19 25
0 6
0 5
32 40
18 25
22 28
22 28
32 37
0 12
0 6
32 37
18 27
18 27
30 35
25 34
26 41
24 32
0 5
11 17
32 40
22 26
22 28
41 46
11 17
16 22
37 44
19 25
32 40
0 6
22 28
5 18
22 28
6 10
29 34
3 9
11 17
33 38
29 34
0 6
0 7
28 32
4 13
32 40
0 6
5 18
0 3
22 28
9 14
0 6
14 23
19 25
0 14
25 33
11 17
32 42
0 6
25 33
0 6
0 11
0 6
0 6
0 6
30 38
32 40
32 40
25 35
21 28
11 17
10 13
0 11
9 15
0 6
0 5
0 8
11 17
6 10
5 11
32 40
25 33
25 38
5 16
0 19
25 28
19 25
0 6
14 34
35 62
0 6
0 6
11 17
32 40
0 6
9 18
22 28
32 37
22 28
32 37
15 24
0 6
0 6
11 17
11 17
0 17
0 4
23 42
16 20
5 11
32 40
29 47
19 30
0 13
11 17
12 26
0 6
5 11
32 37
11 17
0 3
16 22
0 6
16 22
22 31
41 49
32 43
0 13
36 44
0 6
11 17
0 6
26 37
0 9
30 36
22 28
0 6
32 40
22 28
32 40
0 10
0 6
32 40
0 9
25 34
32 37
14 23
23 49
19 25
21 29
20 29
19 25
9 15
14 17
0 6
46 53
19 25
32 40
25 34
17 27
32 43
0 8
32 37
5 9
4 11
32 40
9 19
8 17
27 35
11 17
31 40
23 34
32 45
32 40
0 5
5 16
17 30
22 28
19 25
5 11
0 6
19 25
28 33
12 23
0 6
10 21
11 25
6 26
5 15
32 40
0 6
19 25
19 25
11 17
32 40
32 40
32 37
23 28
17 27
0 6
25 34
25 33
19 25
5 15
32 37
0 6
32 40
18 24
16 21
19 25
36 41
32 50
19 25
32 52
0 3
0 7
0 14
8 11
32 40
19 28
0 5
32 40
25 30
32 37
0 6
32 40
9 15
25 34
0 6
0 6
16 36
4 10
0 6
14 23
32 43
21 29
0 6
0 6
4 10
32 37
4 19
31 36
32 41
11 17
32 40
5 12
0 8
0 4
42 50
16 22
0 6
0 6
32 40
1 11
0 6
0 5
41 50
32 40
0 6
11 17
19 25
32 40
5 16
0 6
32 36
33 38
0 6
22 28
24 42
22 27
32 36
9 18
10 13
38 46
30 38
5 16
4 17
32 37
0 6
0 4
32 40
32 40
32 44
22 28
32 37
16 22
41 46
7 11
32 40
0 6
33 40
25 34
4 10
0 9
0 6
22 28
0 6
19 25
35 38
26 45
31 40
10 18
14 23
19 25
0 6
32 40
0 18
7 15
18 27
0 6
15 19
0 8
0 7
32 40
0 6
25 35
19 25
0 11
0 6
5 16
11 17
41 49
37 51
30 39
5 16
4 12
0 6
5 16
0 23
11 17
22 28
32 40
46 51
0 6
0 6
19 25
0 6
19 25
10 23
11 17
12 23
0 6
2 17
25 34
0 6
11 17
0 16
0 6
19 25
0 6
9 27
43 49
0 6
30 39
5 8
16 30
25 32
11 17
21 27
0 6
25 33
0 6
32 40
0 9
0 6
22 28
30 35
20 29
5 11
21 30
18 38
11 17
32 37
0 6
42 46
32 40
20 24
16 22
11 22
32 37
22 28
0 6
0 6
0 6
0 4
0 10
0 15
34 42
5 33
32 37
0 6
0 6
0 6
0 6
0 6
19 25
57 61
16 24
22 28
9 20
26 40
32 37
0 6
0 6
25 34
0 14
25 34
0 11
0 25
25 33
29 37
29 36
11 17
11 17
11 17
22 28
22 31
18 27
0 6
0 6
34 39
12 18
39 56
32 40
19 22
0 13
0 5
15 19
33 42
0 3
0 22
32 37
16 23
27 34
0 9
42 50
41 46
32 40
19 22
0 10
32 48
4 10
22 28
5 11
11 17
0 10
0 18
32 40
5 20
21 27
43 47
42 47
10 16
0 6
25 33
11 17
0 6
30 38
32 40
32 40
25 34
32 40
32 40
25 34
5 12
41 46
22 28
30 35
0 7
25 34
26 37
0 3
0 6
10 15
19 28
11 17
11 17
0 4
25 34
32 40
0 6
22 28
29 38
30 37
19 25
5 8
4 14
4 11
11 17
25 30
0 5
9 15
22 28
44 50
0 6
36 47
0 6
43 51
19 25
29 37
0 12
22 28
32 37
0 6
20 25
24 42
4 10
12 33
0 8
52 60
4 10
11 17
21 29
0 6
18 24
7 13
0 11
0 6
22 28
0 6
0 18
11 17
25 34
19 25
32 37
0 6
21 25
25 34
4 15
32 40
0 6
21 27
11 20
25 30
0 6
0 6
0 6
0 13
19 25
30 38
28 33
18 27
0 6
9 18
16 24
5 11
32 43
12 16
0 6
0 20
29 38
11 17
0 6
9 18
11 17
5 11
32 37
0 6
32 37
0 6
11 17
28 36
32 40
3 8
25 35
29 48
32 40
32 37
0 6
19 25
11 17
0 6
0 6
0 3
30 40
29 45
0 6
32 40
11 17
32 37
0 6
30 41
32 37
18 27
0 13
0 6
25 34
0 6
21 26
11 17
0 6
0 6
16 24
23 32
18 27
4 10
16 22
25 34
9 18
0 13
0 9
11 17
22 28
0 6
0 13
21 32
0 4
32 40
31 37
21 31
0 3
28 47
3 9
18 27
22 28
6 12
30 38
0 21
19 25
32 40
4 10
0 6
0 23
32 38
0 13
43 51
8 22
32 40
41 50
25 33
0 7
32 40
38 44
42 48
22 28
25 34
19 25
32 37
8 11
19 25
0 6
3 10
12 23
0 6
0 10
0 6
7 11
0 13
10 27
22 28
14 23
22 26
32 40
4 30
32 37
45 71
14 23
4 10
0 6
0 6
0 6
9 15
32 40
31 33
11 17
19 25
5 11
9 15
4 9
32 40
3 14
0 7
56 69
32 40
41 51
10 21
10 21
11 17
0 14
30 39
7 11
32 37
32 40
6 8
32 40
32 40
25 34
0 9
25 34
41 45
11 17
22 28
32 40
11 22
0 6
32 40
0 4
41 46
26 34
22 28
14 23
16 20
0 9
22 29
9 18
5 8
18 27
14 18
32 41
0 6
0 6
25 30
0 6
0 6
32 37
6 18
21 32
11 17
0 6
11 17
8 13
26 40
19 25
2 14
0 11
22 28
7 14
0 6
24 32
0 6
11 17
0 6
11 17
0 9
19 25
0 6
0 3
32 37
16 22
11 17
22 28
19 25
22 40
19 25
0 6
32 40
0 9
0 4
15 24
22 28
19 25
0 6
19 25
5 10
10 20
0 6
51 62
43 51
18 27
36 43
0 6
0 6
11 17
32 40
32 45
5 18
0 17
25 34
32 40
32 40
0 6
0 6
3 9
45 53
9 21
39 47
0 6
2 11
42 50
19 25
22 28
11 17
28 36
11 17
11 23
0 6
32 45
45 51
0 6
11 17
4 22
16 22
25 34
21 27
0 21
26 39
15 24
0 14
0 6
16 22
19 25
32 40
39 50
9 14
9 18
32 42
16 22
22 28
30 35
12 20
32 40
0 5
11 17
11 17
0 22
7 12
32 43
22 27
32 40
32 40
22 28
18 31
0 6
5 16
0 6
25 33
19 25
22 28
24 44
11 17
32 37
5 15
3 13
16 38
9 18
0 6
19 25
0 11
11 17
0 6
15 27
21 26
0 6
11 17
32 36
3 10
19 25
15 19
2 8
0 6
4 10
10 17
0 6
32 37
45 61
41 46
11 17
17 29
5 16
32 40
0 6
32 38
5 11
16 21
9 18
0 6
25 30
25 34
35 43
0 6
32 40
16 26
21 27
0 6
11 17
32 40
32 40
14 23
20 29
0 16
0 4
0 6
39 48
0 6
5 11
19 25
25 30
0 6
0 6
32 41
0 8
0 6
10 21
30 38
9 15
4 10
0 4
25 30
27 32
19 25
9 18
0 6
16 30
0 6
3 13
32 43
54 65
31 38
32 45
29 35
25 30
5 11
29 34
18 27
25 34
0 3
4 10
0 6
22 28
7 11
19 25
8 20
0 8
5 11
0 6
11 17
0 17
0 6
16 24
19 25
0 5
19 25
0 6
19 25
15 24
0 6
28 34
32 38
0 11
16 22
32 44
32 40
26 32
0 14
32 40
32 37
0 6
32 45
5 16
19 33
32 40
32 40
0 6
0 15
22 28
22 28
0 6
26 31
25 34
25 33
19 25
41 49
3 17
32 40
11 17
0 6
18 26
32 40
32 40
0 7
0 6
22 28
11 17
5 16
25 34
52 56
25 33
0 6
0 7
9 25
0 5
11 17
14 17
0 11
32 40
4 10
32 40
11 17
26 31
19 25
19 25
22 28
32 37
22 28
0 6
14 28
32 40
16 24
21 34
5 11
0 6
5 14
5 11
26 34
16 21
11 17
0 8
0 6
2 8
11 17
32 41
32 40
0 6
25 34
5 16
22 28
11 17
9 18
14 25
5 24
0 13
16 22
4 12
32 37
30 37
32 53
3 17
9 15
19 25
46 51
11 17
9 15
19 25
11 17
19 25
11 17
0 7
24 44
13 17
19 25
25 33
10 21
0 6
16 19
32 40
11 17
11 25
5 12
9 18
4 21
0 15
32 40
5 15
0 16
0 6
34 55
14 24
7 11
0 6
32 37
32 37
22 28
0 4
11 17
0 6
0 6
0 9
19 25
32 37
19 25
11 17
32 37
0 6
0 6
11 17
22 28
19 25
32 40
0 14
28 32
16 22
0 6
48 54
22 28
0 6
36 43
0 6
11 17
0 6
19 25
0 20
15 19
0 6
0 6
32 37
16 25
0 17
32 37
0 6
11 17
5 12
0 4
41 49
11 17
11 17
2 20
21 27
32 44
25 33
0 6
13 23
32 40
3 13
32 41
16 24
5 15
37 41
7 12
5 11
19 25
22 28
32 38
32 40
22 28
32 37
34 42
26 34
27 38
7 10
0 6
41 46
19 25
9 12
22 28
32 38
0 7
22 28
19 25
0 23
18 27
32 42
32 37
0 18
2 16
0 14
22 28
32 40
0 6
30 38
5 23
28 36
19 34
32 37
10 17
19 25
11 17
32 40
42 48
10 20
0 6
19 25
19 25
0 6
32 37
0 5
15 24
22 28
6 12
32 40
0 6
0 3
0 6
32 40
0 6
22 28
22 28
50 59
0 6
2 9
32 40
32 40
11 17
32 37
11 17
32 40
4 11
10 16
41 46
0 6
11 17
0 10
18 27
5 27
19 25
0 6
12 22
5 8
32 40
0 3
0 6
0 6
0 6
32 40
4 10
9 15
32 40
0 6
0 6
39 52
0 8
32 37
22 28
22 28
0 6
24 32
38 44
0 6
5 9
0 6
22 28
11 17
25 30
32 40
34 43
20 29
0 6
0 6
2 8
7 25
19 25
6 23
16 25
19 25
25 36
32 40
0 6
0 6
11 29
0 6
32 40
0 11
12 18
18 27
17 35
24 32
32 37
32 40
17 28
0 6
5 13
19 27
21 28
0 6
26 35
11 17
11 17
19 25
40 67
9 18
0 3
11 21
32 37
19 28
32 37
0 6
11 17
19 25
3 10
22 28
0 22
0 6
16 22
32 37
32 40
0 11
32 40
18 27
11 17
0 6
32 37
32 37
0 6
25 33
32 40
0 11
0 6
58 67
0 19
0 6
25 33
22 28
22 28
21 24
28 39
27 39
32 37
16 22
4 8
11 17
0 6
0 13
22 28
32 40
11 17
32 40
0 9
0 11
32 39
11 17
0 6
16 22
16 19
0 8
13 17
0 6
32 38
0 12
0 10
4 17
5 15
11 17
11 17
22 46
30 43
0 6
32 37
0 6
0 6
28 33
32 40
25 33
22 28
32 37
0 7
11 17
16 27
16 22
32 39
11 17
42 50
0 8
14 27
10 21
32 43
19 25
19 25
0 6
22 30
13 18
12 25
35 44
19 25
19 25
5 14
30 35
3 18
6 13
19 25
0 6
16 32
32 37
36 42
21 24
21 27
11 17
0 6
0 9
0 13
3 13
9 18
5 18
30 39
0 6
0 7
32 36
0 6
5 15
0 6
32 40
11 17
32 37
32 40
0 6
9 31
18 26
0 3
32 43
0 6
19 25
0 7
17 25
0 5
19 25
0 6
5 11
9 15
31 36
16 21
2 9
0 6
11 26
32 40
25 29
0 6
29 38
0 6
5 8
0 6
0 14
19 25
30 35
16 21
0 11
5 9
0 5
32 40
29 37
22 31
0 21
5 20
5 11
22 28
0 6
43 48
20 29
0 6
29 34
19 25
9 15
19 25
37 43
32 37
5 18
0 6
3 9
11 25
16 21
34 43
22 28
30 38
11 17
32 45
25 34
16 22
0 6
19 25
5 16
7 25
5 11
0 5
0 6
32 40
22 28
11 17
0 6
22 28
7 19
0 3
0 14
21 30
5 11
19 25
11 17
0 6
5 18
23 36
22 28
16 22
6 13
0 6
22 28
9 18
5 11
22 28
10 13
9 18
11 17
32 37
0 6
32 37
36 41
4 10
19 25
18 31
32 37
19 25
20 29
41 53
20 29
22 28
16 31
16 30
32 40
39 65
30 39
32 36
32 40
17 20
0 11
41 49
21 36
0 9
19 25
11 17
0 13
11 17
0 6
0 8
16 22
0 6
18 27
0 10
3 9
22 28
25 34
11 17
19 25
25 33
17 28
22 28
32 40
21 36
18 27
18 27
17 26
32 40
4 10
0 6
19 25
30 38
32 37
32 37
16 22
0 6
4 11
19 25
9 13
32 37
22 28
19 25
0 13
0 7
33 41
32 42
11 17
0 6
5 18
11 17
19 25
32 37
32 43
0 3
16 24
0 12
5 20
30 44
32 40
19 31
32 37
4 10
22 27
0 17
19 25
17 21
0 10
0 4
35 48
15 28
47 53
32 37
25 34
32 40
0 6
19 25
20 30
22 28
3 8
20 29
0 6
30 56
23 29
25 33
0 6
41 51
32 37
9 22
0 6
0 6
25 33
22 28
21 26
27 35
17 36
0 8
15 24
25 30
32 45
0 13
19 25
0 4
0 6
32 37
45 56
16 22
25 37
25 30
32 40
4 10
16 20
35 43
0 6
0 6
32 40
19 25
22 28
0 6
34 47
19 25
41 54
11 17
19 25
32 40
32 37
4 17
0 6
19 25
0 6
0 8
32 40
22 28
32 43
0 6
8 14
22 28
11 17
11 17
0 19
34 45
0 9
21 27
32 43
9 12
34 45
10 30
0 6
0 6
0 6
30 39
11 17
0 6
0 4
0 6
0 6
32 37
0 6
0 6
22 28
41 49
0 6
25 33
32 41
9 18
19 25
0 11
26 31
32 40
22 28
0 10
9 18
0 6
11 17
16 23
16 22
24 29
32 36
22 28
0 6
5 16
22 28
32 47
0 6
30 37
3 7
32 37
32 51
3 9
22 28
0 9
10 23
39 65
19 25
0 7
9 15
27 35
4 10
0 6
16 36
6 12
22 28
14 19
11 17
4 10
20 32
22 28
11 17
11 17
0 6
3 10
11 17
23 32
25 33
0 6
4 22
0 6
0 6
32 40
0 6
11 17
0 6
0 6
0 8
32 37
30 39
0 6
32 43
3 16
32 37
32 40
28 37
0 6
0 12
0 5
0 6
21 29
27 38
0 4
21 27
19 25
22 28
39 44
22 28
15 18
32 51
0 6
20 26
22 27
16 24
8 28
0 6
0 4
0 6
15 24
0 11
16 34
5 16
19 25
25 34
19 25
5 11
25 34
11 17
0 6
16 21
33 38
9 14
32 40
0 8
32 40
32 37
48 64
22 28
11 17
11 17
0 18
9 15
0 7
22 28
19 25
19 25
26 41
11 17
19 25
19 25
11 17
22 28
16 25
19 27
32 53
7 11
0 3
6 12
25 34
22 28
25 34
0 11
18 27
0 6
25 33
32 40
26 31
22 28
9 15
3 10
25 30
0 6
0 6
15 24
32 37
32 40
14 41
0 6
16 22
0 6
32 43
0 6
19 25
32 37
4 9
0 6
15 24
5 22
7 17
32 40
11 17
0 6
19 25
37 42
0 6
9 22
9 18
32 40
0 8
8 14
16 22
36 46
19 25
0 5
16 28
32 43
21 32
0 8
30 35
32 40
9 19
11 17
0 8
0 16
4 10
22 28
0 6
0 6
19 25
0 6
0 13
0 6
42 46
0 6
16 25
25 34
16 21
45 58
16 28
48 53
32 40
22 28
45 50
0 6
11 17
19 25
0 14
9 17
5 11
32 36
25 34
11 17
11 17
25 33
15 24
0 7
5 11
11 17
0 14
20 24
0 6
28 38
0 6
0 8
32 40
43 47
11 17
4 10
32 40
11 17
45 51
41 46
9 15
0 9
9 14
0 6
21 27
16 21
42 50
9 18
4 24
11 17
5 16
15 24
0 7
19 25
5 17
11 17
16 24
16 24
0 18
19 25
0 6
25 33
11 15
32 40
41 55
23 28
22 33
22 28
22 29
3 6
0 6
0 6
0 14
0 6
11 17
0 6
5 15
28 36
0 16
32 40
9 17
34 47
32 37
32 40
22 28
0 6
32 40
22 28
0 19
9 18
13 24
36 42
22 28
4 10
0 6
16 22
19 25
0 15
0 6
11 17
0 14
18 27
32 40
0 6
31 40
22 28
25 34
0 6
0 6
0 6
32 40
0 6
35 46
0 11
22 28
16 25
11 17
0 6
0 9
32 40
12 19
18 27
32 40
0 3
32 38
11 17
0 21
20 27
0 13
0 6
30 38
32 39
39 50
0 5
32 40
18 29
11 17
11 17
4 17
5 18
0 8
32 37
25 34
0 5
11 17
19 25
18 28
19 23
11 17
24 32
4 20
0 6
18 27
0 5
32 40
0 6
5 11
50 61
16 22
0 6
16 22
22 28
5 12
22 40
25 30
40 44
0 6
32 37
22 28
4 18
0 17
11 17
19 25
10 18
25 30
14 32
10 16
0 11
22 28
10 16
4 11
19 25
5 25
0 7
11 17
19 25
0 6
11 17
39 44
0 6
18 27
25 34
5 12
22 28
0 6
0 6
25 30
3 16
5 11
7 11
7 20
0 22
25 34
32 37
19 25
22 28
5 10
32 40
32 42
0 6
0 14
5 11
32 37
6 18
7 11
17 21
32 40
0 11
32 37
0 6
25 33
16 24
26 34
0 6
11 16
0 11
0 6
7 21
0 6
25 33
30 49
0 6
0 6
16 22
0 11
0 9
29 37
5 15
5 16
14 31
0 6
5 11
0 6
22 28
0 17
5 11
5 11
25 33
18 22
32 36
41 52
40 48
27 48
0 9
6 12
25 34
8 26
0 6
0 10
0 6
0 13
0 6
22 28
0 6
29 37
0 6
25 34
35 46
26 31
0 6
0 6
22 27
0 6
43 69
4 11
22 28
16 21
0 6
20 29
11 17
16 22
0 6
32 37
0 6
32 40
11 17
0 6
16 24
9 20
16 20
0 11
32 37
3 12
0 6
33 42
16 22
15 20
15 24
22 28
0 6
34 47
0 6
13 17
32 37
0 6
18 24
0 11
16 30
45 49
10 24
29 38
28 47
23 31
32 38
0 6
36 47
0 6
46 51
9 18
49 57
16 21
52 58
16 22
28 35
5 8
32 37
16 37
25 30
0 6
0 6
16 24
35 64
32 40
19 25
22 28
14 21
0 16
22 28
0 13
0 6
0 14
9 24
32 40
14 24
0 19
22 28
0 6
5 23
15 24
0 8
32 37
15 24
9 16
19 25
19 25
4 10
0 6
0 6
0 6
31 36
11 17
32 40
0 10
30 49
32 40
16 21
18 27
22 28
18 27
25 34
41 49
0 6
0 6
5 11
19 29
41 51
11 17
5 14
5 11
22 28
0 5
0 12
32 40
0 13
0 4
47 51
43 47
0 6
25 30
0 6
9 18
23 29
0 6
32 40
25 33
16 32
19 25
0 6
37 45
0 6
7 11
0 3
12 29
16 25
11 17
8 19
16 21
0 6
0 6
3 15
32 40
0 9
0 4
32 40
25 34
0 6
9 30
22 28
18 26
21 25
25 34
32 37
15 24
22 28
9 18
25 38
5 16
22 28
22 28
32 40
11 17
25 29
0 6
0 6
5 12
5 8
19 25
19 25
0 6
5 16
0 5
23 27
0 6
32 36
32 45
9 15
0 13
22 31
7 11
32 38
4 21
5 11
9 24
9 30
0 6
22 28
19 25
19 25
0 6
14 20
11 17
11 17
32 41
0 6
11 17
0 4
36 42
0 6
24 31
0 9
22 28
32 40
11 17
2 8
32 40
32 37
26 34
0 8
32 37
5 11
15 18
19 25
0 5
2 8
29 38
32 40
0 6
11 17
0 7
7 11
13 20
0 6
11 17
31 39
16 21
0 6
16 34
32 37
32 40
0 7
0 6
48 56
32 40
0 3
0 11
19 25
0 6
16 26
7 11
32 42
5 8
31 36
48 53
45 66
0 6
29 37
22 28
32 37
16 22
22 28
32 39
25 30
15 24
0 14
25 35
0 6
5 21
25 33
25 34
2 6
20 29
32 40
23 41
41 49
21 30
26 37
19 25
0 6
22 31
22 28
10 15
0 6
0 6
32 40
0 6
17 22
0 6
9 15
20 40
16 22
0 6
15 20
16 19
32 37
5 15
0 6
0 21
0 3
0 6
11 17
30 49
0 6
5 14
0 5
30 40
16 22
32 40
0 13
5 10
0 8
32 39
32 40
38 52
29 34
16 22
0 9
0 6
0 6
21 31
9 18
22 28
11 17
0 6
0 6
11 17
0 7
32 40
0 5
16 20
16 21
9 18
0 6
26 38
0 6
4 12
29 37
16 22
0 16
19 25
32 43
10 20
23 32
0 8
6 24
0 7
19 25
0 6
32 37
9 18
0 6
0 6
0 6
14 23
4 10
32 45
22 28
16 22
24 30
0 6
11 17
32 40
19 25
32 37
4 10
25 33
0 13
3 10
32 40
0 6
22 28
32 40
25 30
0 6
30 47
12 15
25 34
32 40
32 40
0 6
11 17
22 28
27 36
25 34
0 3
0 14
11 17
32 40
0 9
30 44
21 24
41 49
16 24
25 34
32 37
0 6
0 6
36 43
11 17
25 33
0 6
14 23
11 17
16 29
16 21
32 38
0 6
32 45
0 6
11 17
0 6
16 22
0 6
41 49
21 29
14 20
3 9
3 7
32 37
5 15
11 17
11 17
9 16
43 47
32 40
0 6
4 11
0 6
11 17
0 11
36 41
28 35
5 15
19 25
32 37
5 17
25 33
9 15
25 30
19 25
19 25
11 17
22 28
5 15
20 29
19 25
0 6
20 29
11 17
25 34
22 28
19 25
10 23
8 16
25 34
0 6
0 8
0 6
25 34
19 25
19 25
19 25
22 28
3 19
25 33
24 32
42 47
16 27
0 6
33 42
31 39
22 27
0 6
0 6
19 25
22 28
12 20
30 39
21 29
22 28
32 40
12 25
0 6
11 17
0 4
20 28
25 33
32 37
32 43
0 6
0 3
4 10
0 13
32 40
0 6
32 40
32 40
25 38
0 6
37 45
21 29
32 39
0 6
32 40
22 28
4 10
18 22
5 14
30 39
0 10
0 6
25 32
11 17
22 28
0 6
22 28
10 16
0 8
30 49
30 43
0 14
15 24
0 10
16 26
22 28
0 14
36 41
30 38
0 6
11 17
3 13
0 15
32 40
23 27
0 6
0 6
30 35
37 43
33 42
12 20
19 25
0 5
26 44
19 25
32 40
0 4
0 10
0 6
18 27
25 44
19 23
5 15
21 34
11 17
0 6
4 10
22 28
11 19
22 28
16 22
24 29
19 25
5 16
25 33
25 33
14 25
11 17
0 10
2 10
0 4
5 11
32 37
19 25
3 12
0 5
13 17
9 15
32 37
26 34
11 17
0 6
11 17
21 26
0 6
18 27
31 39
2 12
22 46
5 13
22 28
24 35
9 18
10 21
32 40
32 37
0 6
11 17
4 22
0 5
0 6
19 25
11 17
42 53
0 6
0 6
0 6
4 11
23 30
0 8
11 14
0 6
11 17
14 19
4 10
0 9
0 6
32 37
16 21
0 6
4 10
11 17
19 25
32 43
32 40
0 6
5 18
19 25
0 9
0 10
16 21
9 15
17 28
32 37
27 36
7 15
41 46
19 25
0 4
32 40
25 33
32 37
22 28
0 6
18 27
41 47
11 17
32 50
4 10
18 26
0 6
0 10
32 40
32 40
0 6
5 16
32 37
28 41
11 17
5 18
11 17
32 40
0 25
21 27
35 44
32 45
23 32
0 4
0 14
32 40
25 33
0 16
0 8
0 17
32 38
22 28
40 67
0 6
28 36
19 25
30 35
15 24
22 28
11 17
32 40
3 9
30 39
5 11
32 40
9 18
11 17
0 6
9 15
0 3
32 40
4 10
0 15
22 28
22 28
32 37
38 51
44 57
11 17
0 8
32 38
0 6
29 37
0 4
25 30
4 10
11 17
0 6
22 28
25 33
11 17
0 6
0 18
0 6
0 6
28 38
0 6
14 23
20 28
37 45
25 33
32 37
0 8
0 6
31 45
27 35
22 28
32 40
43 47
32 37
22 28
22 28
19 27
0 6
23 26
32 40
19 25
41 46
27 32
19 23
15 24
0 11
0 9
11 17
5 15
0 6
0 6
32 40
0 6
11 17
25 34
9 21
22 28
19 25
15 19
19 25
11 17
5 15
15 19
7 20
0 11
32 40
32 37
28 33
21 29
19 25
32 40
0 6
32 40
0 14
5 12
20 29
22 28
32 40
0 10
5 12
0 6
19 25
0 6
32 37
15 19
19 25
25 33
21 27
0 6
32 40
47 53
0 15
5 17
9 15
16 29
21 26
4 10
25 31
31 39
8 15
42 53
0 11
0 6
25 33
0 6
32 40
0 6
19 25
0 6
32 40
9 17
22 28
0 6
9 15
32 40
18 30
31 40
19 25
32 37
0 6
11 17
0 6
0 6
28 37
39 46
25 30
0 11
29 54
5 11
25 33
0 11
4 10
32 40
14 25
0 7
19 25
32 43
25 31
32 37
32 40
14 18
45 52
5 16
32 37
3 20
0 6
11 17
43 51
11 17
20 45
32 40
0 6
21 27
16 21
0 9
11 17
16 21
32 37
0 6
23 27
0 8
18 27
32 45
0 5
0 6
22 28
32 37
32 40
19 25
11 17
22 28
0 6
22 28
19 25
9 27
16 22
0 4
0 6
19 27
0 10
0 6
0 9
22 28
0 12
22 28
0 6
0 9
32 37
11 29
0 6
32 47
0 6
40 48
0 11
11 17
10 21
23 35
0 6
11 17
32 40
32 37
9 17
32 40
46 59
11 17
41 49
21 29
18 27
16 21
0 20
0 6
9 12
0 9
22 28
38 44
0 6
0 4
34 43
18 27
0 13
25 34
19 34
31 42
30 36
32 40
32 37
32 40
21 27
9 15
19 25
35 40
0 7
11 17
32 37
0 6
0 6
0 6
0 5
24 33
0 6
0 23
0 6
9 18
11 17
0 6
0 6
11 17
18 27
22 28
0 10
0 6
0 6
32 40
19 25
0 6
0 6
19 25
3 9
0 6
19 25
32 37
4 13
14 22
7 11
0 9
0 20
11 17
22 28
0 6
0 14
41 56
0 6
32 37
0 6
32 37
32 40
36 44
32 37
32 40
32 37
32 45
0 15
0 6
0 6
0 6
16 22
44 52
35 39
11 17
0 18
11 17
23 33
0 6
0 6
9 13
30 39
0 6
0 6
30 35
0 4
32 36
0 6
0 6
19 25
26 31
0 3
0 6
32 51
32 40
9 18
0 6
0 4
3 9
32 37
19 25
5 8
30 41
11 17
0 6
32 40
32 37
22 28
5 16
0 6
4 15
0 8
25 34
32 37
32 37
9 21
19 25
22 28
7 11
0 11
10 23
18 27
0 10
0 11
11 17
0 6
19 35
16 22
19 28
32 45
32 37
5 11
22 28
9 20
4 10
28 42
11 17
4 11
28 36
11 17
2 12
0 10
19 25
32 40
11 17
18 27
22 28
19 25
34 42
9 16
2 18
16 22
33 43
12 17
0 12
14 25
32 37
21 24
11 24
0 11
11 17
35 37
25 33
4 10
5 11
5 11
46 52
28 43
32 46
32 37
5 23
32 40
0 6
32 37
10 16
15 24
28 32
0 8
22 28
0 6
0 6
0 6
11 17
32 37
21 25
0 6
4 10
16 33
0 4
11 17
0 6
23 35
32 37
22 28
0 6
22 28
25 33
29 35
9 18
19 25
0 3
0 5
32 37
7 13
41 49
0 6
32 40
19 25
0 6
16 27
25 34
0 6
32 37
32 40
25 32
19 25
23 32
11 17
36 45
32 40
21 31
19 25
16 22
32 40
16 27
18 27
11 17
22 28
5 11
25 30
0 6
0 6
0 18
52 65
25 34
9 32
25 33
0 6
11 17
32 40
0 6
16 20
11 17
32 40
11 17
11 17
4 11
0 6
32 40
12 19
11 17
25 34
0 6
32 44
5 8
19 25
0 4
38 43
6 13
28 34
10 20
22 28
16 37
47 54
32 40
0 6
32 37
32 40
32 40
22 27
0 6
4 15
18 21
14 27
11 17
19 25
11 17
4 10
0 6
0 6
41 52
5 11
36 44
0 6
28 31
11 17
0 6
0 6
0 6
0 6
0 14
9 30
0 7
38 46
0 9
5 18
8 14
15 24
55 68
5 11
32 40
25 34
0 6
0 16
19 25
27 35
4 10
34 42
7 21
26 35
32 40
15 19
30 39
3 10
16 21
22 28
0 7
11 17
0 6
5 11
22 28
22 28
27 43
16 21
0 4
4 13
32 35
32 37
15 24
10 13
19 25
22 28
25 30
22 28
18 21
0 13
13 24
24 32
22 28
4 17
19 30
5 20
0 6
0 6
0 11
0 6
29 34
32 40
32 40
31 40
9 15
0 16
0 6
11 17
0 6
42 50
19 25
9 18
0 14
0 8
32 40
10 17
19 25
54 62
4 17
14 23
0 11
56 67
0 13
22 28
11 17
0 6
0 6
4 10
0 6
30 41
9 22
12 22
0 6
14 23
19 25
0 6
38 59
0 6
15 24
32 37
5 11
22 28
13 22
0 6
22 28
25 30
0 7
16 21
14 17
0 9
7 13
24 33
25 34
5 16
48 57
32 37
3 9
5 13
32 43
30 38
32 40
0 13
0 7
0 14
32 43
0 6
9 15
23 28
5 18
28 34
43 47
0 13
0 6
25 33
22 28
32 37
28 33
3 9
60 66
5 11
5 14
0 12
13 24
0 6
24 31
33 42
22 28
9 18
16 31
0 14
22 28
9 15
0 6
9 13
22 28
0 6
16 21
5 8
4 10
27 36
0 6
28 36
32 40
25 33
5 15
17 21
32 37
25 29
30 49
19 25
41 46
32 40
32 40
0 6
0 6
0 6
34 44
32 38
32 43
5 15
9 15
4 10
32 40
11 17
0 11
9 18
25 33
22 28
32 37
41 49
16 24
25 30
3 9
23 26
0 6
32 40
0 4
0 6
10 24
0 13
19 25
36 41
0 6
22 28
40 49
32 37
25 34
0 7
0 12
27 35
26 31
32 45
5 11
48 61
19 25
14 26
0 6
0 6
32 40
13 24
11 17
0 3
11 17
40 44
19 25
16 22
9 18
32 45
19 25
4 10
0 9
26 40
16 22
9 21
5 16
0 19
32 40
0 10
0 4
0 5
22 28
11 17
11 17
0 4
8 22
32 37
0 6
32 37
0 6
16 22
0 6
8 23
0 6
22 28
22 28
27 35
4 11
21 33
17 22
0 9
32 40
11 17
25 34
0 6
32 37
0 6
0 6
5 16
0 7
0 6
25 34
42 53
0 6
19 25
38 48
25 34
34 44
5 23
30 38
32 35
0 7
11 17
48 56
32 40
0 14
25 34
0 6
18 36
16 22
1 6
25 44
19 25
5 14
19 25
11 17
32 37
32 40
0 6
0 22
27 48
22 28
0 7
32 40
32 39
22 28
39 47
18 27
10 16
5 12
2 16
7 10
32 37
0 6
0 3
0 10
25 34
4 18
26 35
0 7
0 2
0 20
32 40
12 22
32 40
11 17
22 27
7 14
32 37
32 40
16 34
11 17
25 30
5 11
5 16
34 40
11 17
32 37
25 34
32 37
32 40
0 6
11 17
19 25
25 34
19 25
0 6
0 6
0 8
19 25
22 29
32 40
0 4
4 10
6 13
22 28
22 28
0 6
0 6
19 25
32 37
0 6
36 41
18 26
5 11
9 18
27 35
0 8
32 40
32 40
16 20
37 42
9 18
11 17
22 28
0 6
9 15
11 17
0 6
5 8
0 8
0 13
0 7
32 40
25 34
8 15
32 40
25 34
32 37
18 27
16 22
0 19
25 30
22 28
38 56
11 17
22 28
19 25
32 38
0 6
22 28
0 6
0 8
0 9
41 46
0 5
5 12
16 30
0 6
32 36
18 27
0 6
19 25
22 28
32 40
11 17
9 22
32 40
20 28
0 4
0 6
0 6
25 30
16 27
9 15
22 28
21 30
32 37
4 13
22 28
0 6
34 43
0 3
32 40
28 32
9 18
19 25
25 34
10 13
0 6
5 16
5 18
18 24
11 17
2 16
32 40
32 37
4 19
0 6
15 24
0 7
32 40
21 32
3 14
9 22
0 5
0 8
35 43
0 11
14 31
16 22
0 6
22 28
22 28
32 37
32 40
22 28
25 34
0 6
19 25
5 11
0 8
11 17
0 6
22 28
0 3
5 19
4 10
10 20
11 17
21 34
32 40
25 33
16 21
32 40
15 23
0 8
41 46
32 37
22 28
0 7
32 40
9 18
32 40
0 6
19 25
0 10
25 29
11 17
32 40
0 6
32 37
22 27
7 13
0 4
16 19
32 37
22 28
11 17
0 7
14 18
32 40
36 45
0 6
22 28
0 11
32 40
14 23
32 37
0 11
0 6
5 8
0 11
25 34
32 37
0 6
25 33
25 30
5 16
11 17
18 27
32 40
0 6
4 12
32 40
5 13
21 25
27 41
0 6
11 17
9 21
14 23
32 40
9 13
0 9
30 39
22 28
19 34
32 40
0 14
16 22
11 17
0 25
32 40
6 25
32 37
0 6
0 6
25 33
0 6
22 28
5 11
25 30
32 37
11 19
32 37
5 11
5 11
32 40
5 18
32 37
0 6
32 40
5 11
0 9
11 29
16 31
19 25
19 25
19 25
0 4
38 44
22 31
0 13
39 65
32 40
32 40
12 20
11 17
0 4
30 38
0 7
4 8
19 25
29 34
0 13
25 32
11 17
24 41
21 29
36 42
11 17
32 40
14 28
32 37
37 42
11 17
4 10
19 25
22 28
4 20
41 50
19 25
36 44
22 28
0 6
0 6
44 57
32 40
10 16
22 28
32 40
0 6
0 6
0 6
16 19
5 17
5 8
32 37
32 40
30 38
12 22
5 15
21 27
18 22
5 11
11 17
0 6
6 16
34 43
0 10
32 40
0 6
20 24
18 27
11 17
9 18
0 6
32 40
25 34
9 18
25 30
9 15
29 35
11 17
32 37
19 25
30 38
23 29
21 30
0 18
26 31
30 35
0 11
0 13
32 40
25 33
11 17
11 17
4 19
13 20
13 17
0 7
25 30
21 30
0 6
4 17
37 43
32 37
11 17
0 6
0 11
0 7
0 8
10 16
22 28
32 39
19 28
0 8
18 27
0 6
25 34
32 37
32 40
32 40
0 6
21 25
0 6
0 6
32 37
22 28
0 6
22 28
0 6
16 25
16 24
0 25
0 19
19 25
3 15
19 25
5 16
5 19
32 40
32 40
0 6
32 40
19 28
9 15
11 17
0 6
0 6
7 11
32 40
7 11
16 19
22 28
22 33
0 11
0 6
0 6
30 49
32 39
9 28
22 28
0 7
32 40
22 28
16 24
23 31
13 18
0 23
0 6
27 38
0 6
32 40
11 17
5 11
22 28
15 24
8 22
0 6
0 6
38 43
0 6
32 37
25 34
22 28
11 17
19 25
0 9
0 5
0 9
33 41
11 17
0 14
22 28
32 39
0 13
2 18
3 12
32 40
11 17
32 37
32 37
32 37
9 18
4 17
4 11
32 37
0 10
22 31
42 50
0 6
19 25
22 28
32 37
0 4
0 11
0 6
9 18
9 15
11 17
25 34
0 11
32 47
29 37
22 28
22 28
5 18
27 43
11 17
0 6
33 41
32 37
5 11
11 17
32 40
14 18
22 28
10 16
22 28
9 15
32 40
0 6
10 16
28 36
22 28
11 17
32 37
0 14
34 43
39 47
19 25
32 37
11 17
36 47
29 47
41 46
35 62
32 40
25 29
0 6
8 14
0 6
11 17
0 6
32 40
25 33
22 28
22 28
0 8
43 51
0 6
9 15
4 15
16 22
14 25
0 12
36 44
5 15
25 30
0 9
25 34
0 6
32 37
35 47
19 25
19 25
22 28
20 26
0 6
14 25
13 16
0 6
0 6
32 37
18 27
41 52
0 6
32 46
0 6
0 6
16 30
37 44
19 25
0 14
30 39
0 7
15 21
19 25
16 24
11 17
32 37
32 36
4 10
0 17
5 11
22 28
19 25
0 17
25 36
0 7
0 6
32 40
0 6
11 24
25 33
40 52
32 45
5 15
32 36
11 17
0 6
22 28
11 17
11 17
25 34
11 17
11 17
32 40
0 6
0 6
32 37
0 11
25 34
32 42
27 36
11 17
11 17
29 34
0 7
0 13
22 28
9 23
0 6
14 25
55 59
42 51
5 18
0 14
32 40
7 12
4 10
22 28
19 25
20 29
0 6
11 17
32 37
32 40
0 6
30 38
11 17
0 6
45 49
0 6
8 26
11 17
19 25
3 9
14 27
32 40
16 25
16 22
35 62
32 37
0 10
0 13
0 4
25 34
4 10
32 45
31 40
19 25
4 13
0 6
48 52
0 9
0 13
5 12
7 14
0 11
25 34
25 34
10 23
18 26
0 9
25 34
5 16
0 4
0 6
18 27
19 25
0 6
0 4
25 34
11 17
42 50
0 6
9 12
32 40
7 11
0 12
13 18
0 13
16 22
11 17
25 33
4 10
32 40
0 3
28 36
19 25
18 27
10 28
7 11
20 24
4 19
0 6
32 40
0 14
11 17
0 18
10 20
0 6
21 27
0 13
0 6
32 40
32 53
4 9
5 11
43 47
25 34
19 25
2 13
19 25
11 17
0 7
23 32
26 32
0 6
11 17
0 6
32 37
19 25
0 5
32 40
0 6
16 21
0 6
32 40
0 4
19 23
13 17
0 4
0 8
49 58
26 41
22 28
11 17
41 54
16 25
0 6
5 18
32 38
23 32
7 11
11 17
3 6
0 6
9 18
54 63
22 28
11 17
0 14
21 24
32 37
5 9
0 21
42 50
0 26
0 13
5 11
23 27
0 7
0 6
0 6
22 27
22 28
15 27
0 5
32 40
0 6
32 37
0 6
0 14
11 17
22 28
18 27
0 11
23 28
12 18
23 31
0 11
30 34
0 8
3 9
32 43
32 40
0 6
32 40
32 37
3 9
22 27
32 40
32 37
6 20
0 5
32 37
25 34
19 23
19 25
29 37
11 17
16 22
0 6
11 17
32 37
0 6
14 25
43 51
32 37
30 56
5 18
5 27
19 25
11 17
0 5
32 40
0 6
18 27
21 26
2 19
31 36
20 29
9 15
41 46
25 36
0 8
14 25
0 6
13 18
0 6
9 27
32 38
25 31
0 6
4 10
16 22
16 22
19 25
19 25
32 40
11 17
4 9
6 15
5 11
0 6
19 25
34 43
0 6
22 28
32 46
30 38
32 40
32 40
0 7
9 18
0 6
33 38
0 6
19 25
32 37
16 28
5 13
20 29
0 6
11 17
22 30
16 21
5 11
19 23
4 11
22 28
4 11
32 40
42 48
0 15
22 28
0 15
0 6
0 12
11 17
19 28
6 11
2 14
0 6
0 6
3 10
16 31
9 19
32 37
0 6
21 30
0 20
11 17
22 28
0 9
4 9
16 21
18 27
25 34
0 8
44 65
0 6
5 15
18 27
37 42
30 56
22 28
30 39
0 6
0 8
11 17
11 17
0 15
19 25
19 27
25 34
0 6
5 11
19 25
23 49
21 43
0 6
0 6
21 36
32 37
0 6
32 39
0 8
0 6
32 40
11 17
22 28
0 6
0 10
30 39
22 28
32 40
17 22
25 34
25 36
14 23
55 59
0 6
0 6
6 16
32 40
22 28
0 7
0 6
0 6
0 8
0 6
0 6
32 40
11 17
21 31
19 25
32 37
16 21
22 28
24 50
0 8
11 17
0 6
0 6
11 17
19 25
0 6
15 26
0 4
2 8
0 6
0 7
0 6
11 17
32 40
0 6
4 15
32 40
29 38
0 7
0 6
28 33
19 25
0 9
25 31
25 35
0 4
32 36
32 53
11 17
26 30
32 45
32 40
32 39
0 6
19 25
22 28
32 40
31 37
2 17
26 34
7 11
16 22
22 31
13 24
0 6
0 6
32 37
32 40
0 6
12 27
0 17
34 45
11 17
22 32
9 15
0 6
14 31
0 13
46 51
0 6
0 19
9 15
29 32
19 25
3 12
11 17
29 38
51 57
16 21
0 4
0 6
5 16
0 14
41 49
5 15
4 11
32 37
32 40
16 27
25 46
0 6
0 16
32 37
0 10
0 6
0 10
32 38
0 6
41 46
9 18
0 6
32 37
5 10
25 30
27 32
38 55
0 17
9 18
47 53
3 9
7 17
0 6
0 6
16 26
32 37
5 10
0 6
25 34
13 22
16 20
21 32
14 22
0 8
4 14
9 24
18 27
0 6
0 10
0 6
5 11
32 37
25 34
4 10
42 48
11 17
0 6
11 17
32 40
19 25
24 37
0 6
32 37
0 6
25 34
5 15
8 20
5 11
5 16
32 37
10 16
21 26
32 37
11 17
11 17
30 35
0 8
3 10
32 43
3 9
5 16
0 6
26 34
32 42
5 11
16 22
2 22
4 10
0 13
33 45
14 20
39 45
11 17
19 25
4 10
0 6
15 18
0 7
11 17
17 27
0 6
0 6
32 40
0 6
5 18
25 33
11 17
27 35
22 28
3 7
29 37
0 6
5 11
32 40
0 7
0 6
32 37
0 7
11 17
30 39
16 22
32 40
0 6
9 15
41 50
46 52
0 6
29 35
10 17
19 25
32 37
0 14
38 42
3 16
0 6
4 13
32 37
14 23
0 6
32 42
0 6
22 28
0 6
25 34
0 6
0 6
13 26
30 42
11 17
0 6
3 16
0 6
11 17
19 33
0 6
22 28
17 33
0 11
16 21
32 37
19 25
19 25
0 4
40 48
0 6
22 28
9 17
11 17
25 31
16 24
32 45
10 15
22 28
48 52
7 17
32 40
25 34
0 22
32 40
0 13
25 33
27 35
32 43
31 44
0 6
27 35
7 11
16 22
8 19
25 34
36 50
18 27
18 27
16 22
0 6
33 38
19 25
0 6
0 6
0 2
0 3
15 30
5 16
0 7
0 13
11 17
16 24
47 53
12 26
41 52
5 15
26 30
5 13
32 40
0 11
22 28
22 28
22 28
11 18
0 6
0 7
41 49
25 34
0 6
41 49
11 17
0 9
30 39
20 28
18 27
30 39
0 6
19 25
11 17
30 39
32 37
11 17
18 27
10 16
22 26
32 40
0 8
0 7
0 9
16 22
9 25
32 40
0 5
6 12
0 5
0 6
0 13
7 11
14 28
22 28
32 40
9 14
0 6
5 15
0 7
16 22
20 29
0 9
13 23
0 19
4 10
22 28
0 6
32 37
0 6
32 37
48 65
19 25
0 15
11 17
19 25
19 25
22 28
32 40
22 28
2 9
5 8
32 40
0 8
7 11
0 15
21 27
32 40
0 6
22 28
19 25
22 30
31 36
22 28
0 6
42 47
16 22
0 4
0 6
0 16
0 6
0 6
9 15
0 14
0 12
4 10
25 30
4 23
2 14
11 17
25 33
0 6
16 22
25 30
22 28
32 37
41 49
25 33
0 9
41 48
5 11
5 15
22 28
16 28
31 51
22 28
5 16
32 40
25 30
22 28
25 34
43 51
16 23
32 37
36 60
19 25
0 6
41 53
0 6
48 52
5 8
32 40
32 37
16 21
10 16
0 6
19 25
10 16
34 43
27 43
32 40
47 51
0 6
0 6
19 25
32 40
6 16
5 24
22 28
0 6
28 33
20 28
15 24
19 25
23 31
22 28
8 16
14 20
0 3
32 37
12 27
0 15
32 40
32 37
32 40
11 17
29 37
19 25
0 6
22 28
11 17
32 37
26 31
43 53
22 28
22 28
5 14
5 14
0 9
25 34
31 40
16 22
9 18
32 41
0 22
11 17
0 6
25 33
14 36
49 56
11 17
0 6
15 23
5 9
20 28
42 47
0 19
29 34
0 6
32 37
0 6
23 32
11 17
0 6
31 36
10 20
19 25
3 9
22 28
22 28
32 37
2 20
25 34
41 44
33 55
0 6
0 6
14 24
22 28
0 6
0 6
30 49
11 17
0 6
11 17
0 7
34 55
9 15
0 6
0 6
25 33
16 22
16 22
15 24
32 43
0 6
4 17
0 6
0 6
11 17
22 28
0 5
26 33
50 60
32 38
0 6
4 13
4 10
32 37
19 25
0 7
19 25
19 25
0 7
10 21
0 6
22 28
5 16
16 24
41 46
16 24
18 27
15 18
0 6
32 37
18 27
0 6
0 6
16 24
54 67
0 4
0 6
10 19
22 28
0 6
16 22
16 22
16 24
11 14
27 43
0 6
41 49
32 40
25 34
19 25
16 29
4 18
41 46
32 40
0 18
32 44
0 21
4 10
4 8
17 35
0 6
0 14
25 30
0 6
11 17
11 17
36 40
11 17
41 49
0 6
32 40
26 34
0 6
11 17
15 28
37 62
16 22
41 50
32 36
32 40
22 28
0 3
5 16
0 6
25 34
27 39
22 28
45 53
18 27
33 55
0 23
11 17
0 6
0 24
0 6
0 11
32 43
32 40
0 6
35 62
11 17
19 25
5 11
11 17
0 8
9 18
0 6
46 52
0 13
0 6
32 37
0 9
0 6
22 28
32 37
32 37
9 15
11 17
32 41
32 37
32 42
11 17
16 30
32 40
32 39
11 17
5 18
0 6
5 18
34 42
32 53
0 6
19 25
0 6
25 34
24 29
7 13
11 17
0 6
25 34
11 19
2 8
32 40
28 36
32 37
0 6
23 32
0 6
25 34
7 27
32 45
0 6
19 25
0 11
32 40
16 22
25 34
32 41
0 9
0 13
22 28
30 37
13 27
0 6
5 11
22 28
32 37
0 6
20 29
32 43
0 11
5 14
0 6
0 6
26 34
4 10
32 37
4 11
25 34
57 61
28 38
39 47
15 24
22 31
38 52
0 6
32 37
29 34
0 6
0 6
0 4
0 10
16 22
4 10
25 35
0 6
32 40
32 37
23 38
32 41
0 6
0 6
0 11
25 34
9 15
4 10
9 15
32 37
9 15
0 3
32 38
0 6
32 38
25 33
41 53
30 35
0 6
11 17
16 24
22 28
28 33
45 53
0 6
25 34
0 6
32 40
0 18
5 8
37 51
11 17
19 25
25 33
0 6
25 34
32 37
22 28
15 24
22 28
32 36
9 20
17 23
3 10
19 25
0 6
0 6
0 9
22 28
41 50
0 6
32 37
9 17
5 9
34 43
0 16
5 18
5 21
30 36
16 24
15 19
41 50
12 18
13 18
16 22
19 23
32 40
0 6
19 25
25 27
0 3
5 12
0 6
25 33
18 27
32 37
11 17
4 11
0 6
22 28
26 41
0 5
0 6
22 28
32 37
9 15
0 6
26 41
11 17
25 30
0 11
0 8
0 11
0 6
0 6
22 28
11 17
32 39
18 27
16 38
6 13
21 25
21 32
32 40
32 40
5 16
14 23
9 15
0 6
32 40
26 31
0 6
32 40
28 37
32 41
11 17
5 18
4 19
5 12
18 27
0 6
0 7
32 37
19 25
40 54
32 37
11 17
32 37
6 23
16 24
0 10
0 6
5 11
10 13
19 25
10 17
32 37
31 40
0 9
16 24
41 51
11 17
17 28
0 6
32 40
0 11
32 40
22 28
0 13
11 17
19 33
4 15
0 6
23 31
32 38
19 25
0 10
25 29
0 6
11 17
19 25
32 39
18 22
36 49
0 6
19 25
11 17
63 67
0 17
32 39
0 6
0 6
0 6
32 36
0 9
32 37
22 30
30 38
0 6
41 54
29 37
0 6
4 18
30 37
0 13
25 34
0 6
32 40
0 6
0 6
4 12
0 10
0 6
0 6
0 6
32 37
0 6
18 27
16 27
4 10
32 37
15 25
32 37
32 37
32 37
0 23
22 28
19 24
5 15
32 37
25 33
41 46
5 8
0 6
0 6
0 6
0 6
9 14
26 36
22 28
11 17
0 9
0 7
18 27
0 6
26 40
15 24
41 46
11 17
0 18
19 25
16 22
32 37
32 40
9 18
22 28
25 33
22 29
11 17
0 6
22 28
25 33
11 17
25 36
32 40
20 33
11 17
10 25
16 26
32 40
32 41
0 6
19 25
16 21
32 42
0 6
0 9
25 30
0 24
5 15
25 30
11 17
0 19
0 6
32 40
16 22
32 40
32 43
11 17
21 29
16 21
5 11
18 22
0 6
30 47
42 50
32 37
16 24
5 11
0 3
32 40
41 49
0 14
22 28
32 40
37 63
0 6
0 13
19 30
22 28
32 37
24 33
31 40
4 10
19 25
19 30
19 25
32 40
16 22
32 37
0 21
46 51
32 40
5 11
19 25
25 34
11 17
22 28
38 43
9 18
8 16
11 17
3 9
0 6
32 40
16 24
18 22
0 6
34 44
0 6
0 6
9 18
25 34
5 15
16 22
19 25
19 28
0 6
32 37
34 42
30 38
15 29
0 6
25 30
0 6
0 11
0 6
19 25
30 34
11 17
16 20
0 6
32 37
7 13
28 36
34 42
25 34
32 38
14 18
32 40
22 28
0 6
0 6
9 18
25 33
0 6
0 6
22 28
30 39
32 37
0 9
11 17
5 18
11 17
41 47
27 43
41 52
5 18
0 20
4 15
11 17
11 17
0 6
0 6
0 6
0 6
31 37
0 6
8 13
40 46
0 5
22 28
32 45
1 7
11 17
23 32
20 24
0 11
16 33
26 42
0 5
19 25
29 38
24 32
0 6
0 5
25 32
0 6
3 9
30 38
25 34
17 30
32 41
32 37
16 22
22 28
0 16
23 33
16 21
0 6
42 46
0 6
18 27
4 10
0 6
32 45
32 39
0 6
0 6
0 7
5 16
19 25
21 27
11 17
0 9
19 25
32 37
32 37
19 25
5 23
0 11
19 25
0 7
9 15
0 6
11 17
4 11
29 41
23 31
0 6
19 25
11 17
36 41
11 17
0 6
3 9
14 23
0 11
41 49
25 34
0 6
5 11
22 28
0 6
22 28
22 28
11 33
0 6
11 17
8 13
41 46
10 27
0 6
18 22
5 23
32 35
28 36
11 17
0 6
27 34
15 24
0 6
26 41
35 44
22 28
4 12
11 17
8 14
0 9
14 23
22 28
5 17
28 33
0 6
0 13
32 40
32 40
32 40
19 25
11 17
0 6
5 13
0 13
14 22
22 28
28 42
5 26
22 28
21 29
45 50
20 26
8 15
32 37
28 45
18 27
32 35
11 17
15 33
19 25
42 53
19 23
0 6
32 42
11 17
32 40
0 6
0 6
16 24
19 25
0 6
0 6
22 28
32 37
41 49
18 27
32 43
11 17
19 25
32 40
0 6
32 40
0 6
0 6
0 6
25 33
11 17
22 28
41 52
18 27
16 20
0 3
7 11
9 27
0 15
14 23
0 10
12 26
4 10
4 12
17 21
0 14
19 25
53 59
37 41
32 36
0 6
39 44
42 53
5 11
19 25
0 6
4 10
37 61
32 40
25 33
22 28
0 6
0 11
29 54
41 49
0 6
0 6
0 6
0 6
25 32
37 45
22 28
6 13
0 10
11 17
0 6
19 25
0 13
32 37
22 28
0 6
14 22
11 17
21 26
0 6
0 6
20 29
0 6
0 6
16 21
0 10
0 6
0 6
0 3
27 34
19 25
0 6
11 17
14 22
0 4
0 18
12 16
0 6
0 6
5 11
29 34
16 22
0 6
32 40
9 15
23 32
0 13
25 36
0 6
19 25
22 28
19 25
0 6
6 13
7 11
0 6
0 5
25 34
16 24
16 25
32 40
32 37
0 7
5 11
6 14
22 28
19 25
0 6
0 6
19 25
0 17
11 17
0 6
0 11
14 24
11 17
22 30
5 11
5 16
12 19
0 7
0 6
5 11
0 21
32 40
0 6
47 73
0 13
5 15
11 17
3 16
8 17
9 16
25 34
0 10
32 43
6 13
28 45
30 51
22 28
11 17
32 37
11 17
0 6
0 6
9 13
5 16
21 25
0 7
0 6
0 11
17 22
32 40
32 40
32 37
11 17
34 42
0 6
19 25
32 40
19 25
26 35
32 40
16 24
6 14
25 34
32 40
36 44
26 37
11 17
0 6
4 7
5 16
21 25
11 17
32 40
15 24
11 17
9 15
0 14
0 4
0 12
0 6
19 25
1 7
5 8
25 34
20 29
25 30
22 28
4 7
32 40
32 40
32 37
0 14
0 5
16 22
22 28
0 6
39 48
0 6
27 35
0 15
0 6
47 53
32 40
5 8
21 30
32 49
0 6
22 28
21 35
0 6
0 12
0 6
36 44
22 28
0 13
32 38
11 17
0 4
5 14
9 15
18 27
32 36
19 25
0 8
16 24
29 38
0 15
22 27
5 11
0 6
28 35
32 39
8 22
32 40
0 11
32 37
19 25
0 16
0 6
32 37
10 22
11 17
0 17
25 31
20 29
33 38
0 6
32 37
0 9
0 13
0 9
0 5
4 9
19 25
19 25
26 43
0 6
37 52
11 17
32 40
0 6
32 40
0 6
18 27
32 37
32 40
8 26
5 12
25 34
32 37
8 28
4 10
0 6
0 5
25 46
32 41
32 40
14 26
32 37
32 40
19 25
32 40
22 28
15 33
46 52
0 6
35 62
30 49
11 17
11 17
0 3
41 51
19 25
0 9
0 6
0 6
25 33
0 6
22 28
14 23
5 11
17 27
21 43
4 20
0 6
32 37
11 17
19 25
41 49
22 29
0 7
11 17
41 49
16 22
20 29
19 25
11 17
9 15
19 25
19 25
0 10
32 40
22 28
32 40
32 37
21 26
22 28
0 6
14 20
32 37
11 17
0 9
9 27
4 10
0 8
0 14
0 7
16 22
0 6
19 25
19 25
0 6
18 27
25 33
5 8
16 22
0 13
0 6
19 25
0 6
0 6
32 37
19 25
0 6
5 11
0 6
27 32
22 28
19 25
16 22
0 6
4 14
24 44
10 16
43 49
25 34
4 10
4 17
0 6
16 22
11 17
0 13
22 28
16 22
15 24
0 11
22 28
0 4
5 8
0 6
7 10
15 24
0 7
0 17
32 37
19 25
32 49
19 25
32 40
0 6
9 18
32 37
22 28
0 3
21 29
0 6
32 38
12 20
22 28
0 7
0 6
16 22
11 17
34 43
22 28
9 15
6 14
32 38
0 6
32 36
32 53
32 40
32 37
0 6
32 37
15 21
25 34
32 37
22 28
19 25
32 37
0 3
16 22
9 18
41 47
11 17
32 40
9 18
0 15
32 40
30 38
45 51
32 40
15 21
0 6
22 28
32 43
22 28
0 24
14 23
0 6
23 41
9 15
32 37
0 4
19 25
32 40
0 6
0 6
22 28
32 37
29 37
11 17
0 6
0 6
22 28
8 14
0 6
22 28
0 6
22 28
11 17
11 17
16 24
14 19
45 53
9 15
11 17
25 34
47 56
0 6
32 37
11 17
27 42
55 68
54 70
19 25
19 25
22 28
18 25
0 6
25 34
0 6
4 11
21 32
4 8
3 13
25 34
0 6
25 50
39 48
55 60
5 24
48 52
0 6
19 25
0 8
30 38
6 11
32 40
32 40
22 28
12 22
32 40
16 24
22 28
20 24
0 6
36 40
25 30
0 6
12 19
23 32
0 6
25 30
0 6
0 5
0 7
0 10
19 25
9 13
0 21
5 13
14 24
9 18
30 43
0 3
0 9
32 43
37 44
37 62
29 37
25 33
0 13
34 39
14 21
0 6
0 6
0 16
19 25
22 28
0 6
0 11
0 6
0 6
0 6
19 25
0 10
4 11
0 10
21 24
32 40
3 9
0 4
29 38
22 28
0 6
14 24
3 13
0 9
0 6
11 17
48 60
4 10
11 17
0 7
11 17
32 37
39 47
32 37
0 13
34 42
0 6
16 22
11 17
41 53
32 37
32 40
16 21
0 7
13 21
11 17
22 28
0 6
0 6
0 6
32 37
0 6
4 10
0 6
0 6
16 20
19 25
0 6
22 30
21 27
11 17
25 36
0 6
0 7
10 17
11 17
5 15
0 6
34 40
26 41
32 40
33 37
25 33
9 15
35 43
22 28
0 6
0 6
32 40
0 6
32 42
32 37
30 56
4 17
0 18
32 40
40 48
11 17
32 37
22 28
11 17
0 6
0 5
38 46
0 6
0 6
5 11
0 6
16 22
19 25
19 25
0 6
32 37
9 15
0 3
25 38
25 34
32 37
4 18
5 11
22 28
16 24
11 17
16 21
19 25
25 34
8 17
5 19
26 33
0 6
22 28
0 13
32 37
19 25
18 36
30 41
0 18
25 34
11 17
5 10
32 40
0 7
0 6
32 40
0 6
32 40
32 37
0 6
0 7
26 34
0 13
19 25
5 16
27 32
10 16
22 28
9 18
0 6
32 37
32 40
11 17
4 24
11 17
41 49
3 21
45 53
0 6
0 9
0 3
19 25
0 19
0 14
5 11
11 17
11 17
0 10
0 6
20 29
25 34
28 43
49 53
0 17
32 40
0 6
0 8
11 17
0 6
11 17
35 62
15 27
0 6
0 6
11 17
0 6
19 25
9 13
0 6
32 40
23 25
9 22
32 37
23 41
22 28
0 13
11 17
32 40
11 26
25 30
41 49
0 6
0 6
2 16
9 21
36 42
22 28
15 24
32 37
25 33
32 41
25 33
19 25
14 31
7 11
0 6
0 27
25 34
22 28
0 6
19 25
0 6
25 34
52 58
6 20
32 40
19 30
28 36
5 11
36 41
38 47
14 22
18 27
11 17
22 28
26 31
0 6
0 6
32 40
7 11
22 28
0 6
0 7
0 6
0 6
19 25
11 17
35 41
0 8
5 11
32 40
11 17
0 4
0 6
30 38
26 34
32 40
0 4
19 25
4 16
0 6
42 54
5 16
21 28
0 12
0 6
0 6
33 41
9 18
19 25
25 33
0 24
0 6
0 6
30 37
0 10
39 50
32 43
32 40
9 25
15 24
0 15
12 18
0 6
6 12
0 6
17 24
19 28
0 4
0 6
21 27
22 28
0 6
6 11
32 37
0 6
11 17
32 45
32 40
16 27
0 6
9 19
22 28
22 28
32 40
19 25
0 6
25 38
32 40
3 14
32 43
0 6
32 43
4 15
32 40
32 40
0 6
22 28
0 9
19 25
23 29
11 17
0 6
0 6
4 10
25 33
11 17
11 17
5 13
0 6
16 27
0 6
0 6
0 5
0 6
0 6
21 27
32 37
18 27
19 25
5 16
0 6
22 28
19 25
0 13
22 28
9 15
18 27
18 27
25 32
0 6
32 38
21 27
5 18
11 17
41 52
33 42
22 28
32 37
42 47
32 37
5 18
11 17
11 17
0 6
4 10
0 8
28 37
12 18
28 36
19 25
30 56
0 6
19 25
5 11
32 40
32 53
0 6
32 37
0 6
15 24
28 36
22 28
18 22
32 40
19 25
39 44
32 40
32 37
32 37
0 7
32 40
9 13
18 26
0 6
25 34
32 43
0 6
0 6
19 25
17 22
0 7
17 28
11 17
10 23
15 26
20 24
30 38
5 11
21 25
28 41
32 53
9 18
0 6
11 17
0 7
0 6
14 17
17 30
32 40
32 37
0 14
25 33
24 30
32 40
9 14
0 5
32 40
18 27
15 24
5 18
32 42
0 6
0 6
11 17
27 32
4 10
0 6
16 24
14 27
0 5
9 20
32 40
0 6
32 51
0 6
11 17
11 17
0 3
32 40
32 37
32 36
0 6
21 26
45 53
4 12
22 28
0 15
0 6
25 34
8 26
11 17
0 6
32 40
20 26
21 27
35 42
16 22
20 29
22 28
30 35
29 37
32 37
19 30
16 27
16 21
2 9
0 6
0 6
5 8
4 25
32 42
9 18
0 6
0 6
0 6
0 11
51 55
23 32
0 6
11 17
0 6
4 8
9 17
32 37
0 6
32 40
22 28
18 27
0 6
32 37
37 42
32 40
32 37
36 44
5 11
25 30
19 25
20 28
19 25
4 10
27 38
32 37
19 25
0 6
19 25
28 33
11 17
11 17
0 6
32 40
26 34
0 16
3 9
32 37
0 10
16 22
15 22
15 23
0 9
0 6
23 32
11 17
7 16
3 8
9 18
22 28
19 25
19 43
0 12
11 17
50 59
31 39
19 25
19 25
18 27
0 6
4 18
0 6
0 6
19 25
9 18
0 4
19 25
0 6
25 34
0 8
14 29
24 30
10 16
32 40
3 13
0 6
22 28
0 6
12 15
27 43
32 53
14 19
11 17
25 33
32 37
11 17
25 33
0 6
32 51
9 15
19 25
19 25
20 24
0 6
0 15
32 45
32 40
23 26
29 38
22 28
0 6
25 34
3 14
14 17
0 9
22 28
19 25
32 40
11 17
16 22
19 25
5 11
32 40
32 40
16 24
0 11
35 44
6 11
16 22
0 9
13 20
32 41
5 11
32 37
19 25
23 34
0 6
21 27
8 19
5 11
28 31
0 6
0 6
14 25
30 35
14 18
7 11
32 40
16 24
5 16
0 6
19 25
0 9
0 6
32 40
0 6
0 6
20 26
41 51
0 6
16 33
21 30
9 15
0 11
0 6
44 65
19 25
12 16
11 17
36 47
2 8
19 25
5 14
11 17
11 17
5 11
5 11
42 47
32 37
9 15
0 6
0 7
19 25
32 40
41 49
0 7
25 30
0 6
0 8
27 35
30 38
0 4
32 40
0 6
13 21
32 37
42 46
32 38
25 34
32 49
16 24
0 5
15 24
32 41
0 6
0 6
32 42
32 37
0 6
11 17
9 15
6 14
30 56
0 10
32 37
32 37
3 9
9 15
0 20
0 11
32 53
0 7
0 17
3 15
0 12
0 6
22 28
17 22
11 17
5 10
32 40
32 37
16 23
0 6
0 6
19 25
0 6
41 48
30 39
0 15
0 6
41 47
9 18
0 12
4 10
11 17
18 26
11 17
0 13
4 10
23 42
0 6
41 53
29 38
32 37
9 15
32 40
5 12
0 6
0 11
15 24
0 13
17 27
32 40
7 13
3 18
22 30
32 37
0 6
11 17
8 13
32 37
4 13
5 18
32 40
16 27
9 18
0 5
0 6
0 3
30 38
32 40
0 7
23 31
16 22
11 17
4 8
0 6
18 24
16 24
0 4
9 18
32 40
0 6
11 19
32 37
11 17
22 28
4 10
11 17
5 16
25 34
11 17
0 6
26 35
25 34
32 37
0 5
36 44
19 25
32 37
22 28
19 28
32 40
0 6
0 6
0 6
19 25
0 6
0 12
32 40
22 28
11 17
43 50
0 4
22 28
0 15
32 40
4 10
19 25
0 6
19 25
4 8
14 25
0 4
25 34
18 27
32 45
24 33
16 22
16 22
0 6
0 12
0 6
0 3
11 17
0 7
11 17
36 44
19 25
9 18
19 25
11 17
22 28
32 40
11 17
36 62
0 6
19 25
38 47
5 12
0 7
28 36
32 40
5 11
7 11
32 37
25 30
32 40
22 28
0 4
25 34
32 40
0 6
22 28
5 11
0 6
0 6
11 17
32 40
19 25
0 9
36 41
11 17
0 6
0 11
0 25
0 15
11 29
22 28
11 17
14 28
0 6
18 27
15 24
18 27
5 11
11 17
11 17
11 17
45 50
16 24
19 28
0 8
32 37
0 6
32 40
25 34
38 55
16 31
5 13
10 17
41 48
19 25
0 6
22 28
0 11
11 17
10 13
16 29
0 6
52 64
46 51
5 24
22 28
0 8
22 28
32 37
19 25
5 19
21 29
22 28
0 9
0 6
0 6
0 6
0 4
39 44
3 9
32 37
4 8
3 9
22 28
20 29
6 21
22 28
24 33
0 6
46 50
19 25
16 22
32 37
0 8
0 7
22 28
30 36
11 17
25 34
29 41
12 22
22 28
6 26
0 11
22 28
28 39
5 9
0 14
19 25
16 27
25 33
22 28
32 40
22 29
35 43
32 40
32 37
0 6
18 27
32 37
20 28
22 28
0 6
32 44
0 6
11 17
30 38
0 6
19 25
0 6
11 15
21 34
19 25
32 40
41 52
0 6
27 30
41 54
11 17
0 4
32 41
13 16
22 28
32 47
32 37
11 17
5 18
0 6
0 6
0 6
32 37
19 27
25 34
22 28
11 17
5 15
19 25
0 5
10 15
0 6
0 10
32 40
0 7
0 6
0 5
16 24
22 28
0 6
51 60
32 37
9 18
21 28
11 26
7 13
41 44
0 6
18 27
8 21
12 22
0 9
36 44
30 39
0 6
9 18
32 37
35 40
5 8
25 36
28 36
12 20
32 38
58 67
17 26
0 8
9 18
32 37
40 53
0 6
9 15
25 37
39 60
0 6
25 34
32 37
5 11
0 6
22 28
28 33
0 7
0 6
32 40
19 25
0 11
4 10
32 37
25 34
0 6
38 51
32 37
19 23
22 28
4 15
31 38
22 28
5 15
11 17
27 38
32 40
0 10
0 6
22 28
0 6
0 11
0 6
0 13
32 37
32 40
9 15
0 6
32 40
25 28
4 10
32 36
19 25
4 14
17 26
0 6
0 6
0 6
19 25
4 10
32 40
17 21
25 34
15 24
0 5
11 17
0 6
0 9
5 11
11 17
0 6
0 6
22 28
22 28
30 38
11 17
9 27
0 9
17 22
7 15
7 21
21 31
0 8
0 18
6 19
5 8
0 9
22 28
32 37
3 9
30 35
41 49
15 24
32 46
0 6
0 6
32 37
11 17
0 6
0 6
23 32
0 15
32 39
9 18
32 40
22 28
25 34
32 40
0 6
22 28
18 22
0 6
26 47
0 6
0 6
22 28
6 18
12 30
0 3
25 33
22 28
32 40
43 47
0 6
5 13
16 30
19 25
10 21
29 35
19 25
0 11
22 28
9 18
16 21
32 40
36 51
43 51
0 8
0 16
25 34
22 35
5 8
23 31
18 44
12 17
32 41
25 34
27 40
5 15
36 47
0 12
0 6
4 13
0 6
21 33
0 6
0 6
0 7
0 18
0 6
35 48
16 24
32 40
39 66
19 25
0 6
5 15
11 17
38 46
0 5
25 33
25 34
0 6
5 11
0 6
14 18
25 33
43 47
19 32
34 39
7 11
16 27
16 21
0 4
22 28
5 11
19 25
32 37
35 48
0 27
18 27
0 8
2 16
25 33
25 28
11 17
32 40
0 6
11 17
0 16
19 25
0 17
32 37
0 6
0 7
16 24
0 6
0 15
0 6
32 40
10 16
17 28
0 12
32 37
21 34
41 49
11 17
0 6
22 28
14 25
25 30
26 37
5 16
5 11
19 25
5 8
22 30
0 6
32 40
20 27
22 28
15 23
0 4
14 23
5 19
0 5
26 34
0 11
25 33
11 17
11 17
11 17
9 18
41 49
16 22
11 17
46 57
11 17
0 6
0 6
0 6
0 6
11 17
32 40
36 62
19 25
0 10
0 11
32 40
40 45
18 27
5 11
32 40
34 55
33 38
25 33
4 11
11 17
0 6
32 37
19 25
19 25
32 37
5 12
42 46
11 17
19 25
11 17
19 25
0 18
0 6
11 17
19 25
43 48
32 40
11 17
0 14
19 25
28 33
0 8
32 40
41 53
0 15
0 6
9 13
0 5
12 22
16 29
8 19
19 25
11 17
0 18
5 14
19 25
0 6
25 34
0 17
11 17
36 44
32 51
14 27
2 6
0 6
0 6
0 7
0 6
5 8
32 40
0 6
0 6
0 13
22 28
0 11
11 17
9 18
5 16
0 6
25 34
0 6
11 17
20 30
0 6
16 26
29 36
33 41
37 45
0 6
22 28
0 6
10 20
32 40
19 25
4 15
4 16
5 22
5 16
30 38
19 25
4 11
3 9
16 19
32 40
32 37
0 6
9 14
0 6
34 42
0 5
32 36
31 36
19 25
25 34
32 40
0 4
11 17
32 36
28 37
25 34
43 51
0 11
28 45
0 6
0 6
0 6
41 51
4 10
0 9
22 28
32 36
21 29
25 33
19 28
11 17
41 47
10 13
22 28
0 6
30 56
37 45
0 6
0 21
25 34
19 25
32 38
11 17
0 6
19 25
22 28
15 18
0 6
25 33
22 28
0 8
5 10
3 9
33 42
0 6
0 6
0 6
19 25
0 15
25 34
0 6
3 17
32 40
37 44
25 34
22 28
9 15
16 21
32 37
0 6
36 41
40 67
0 10
18 29
21 34
30 35
41 53
0 21
21 29
0 9
0 11
25 38
32 37
11 17
32 40
3 17
21 29
25 33
9 15
15 24
19 31
32 37
0 6
37 45
5 11
10 16
32 40
20 29
5 28
19 25
0 18
0 6
22 28
5 11
20 29
11 17
0 6
0 6
0 7
25 34
16 22
19 25
0 6
0 6
14 27
0 6
36 47
19 25
2 8
19 25
10 13
0 6
30 56
11 17
0 6
0 6
32 51
11 17
16 24
0 5
43 47
0 6
16 22
4 15
30 38
0 6
22 28
28 33
0 4
11 17
0 6
0 6
22 28
5 22
32 40
0 6
0 8
0 11
11 17
32 40
0 6
9 15
26 31
12 15
0 6
4 10
0 17
0 6
0 6
32 44
18 27
0 17
12 22
0 6
16 22
21 34
11 17
32 37
32 40
0 6
11 17
0 6
5 18
7 17
16 22
11 17
32 40
0 7
22 28
9 16
19 25
32 40
11 17
19 25
18 27
11 17
0 7
18 27
0 6
16 24
32 41
32 45
26 31
13 19
32 40
22 28
19 28
0 12
28 47
18 27
0 6
22 28
32 45
19 25
19 25
0 6
0 6
19 28
0 6
4 10
16 36
11 17
0 4
32 37
22 28
0 6
46 70
15 21
11 17
43 47
0 3
15 24
19 25
22 28
0 6
0 6
22 28
34 48
0 6
9 18
0 5
0 8
7 25
22 29
19 25
11 17
0 6
0 7
32 43
50 53
32 37
40 49
32 40
36 45
0 10
32 39
25 30
19 25
5 11
16 30
19 25
11 17
32 44
0 4
25 30
19 25
31 37
16 22
10 25
0 11
0 11
32 40
0 6
32 40
23 29
4 10
22 28
32 40
3 11
29 47
5 13
26 33
27 36
0 6
0 6
19 25
5 16
12 18
5 16
7 17
0 15
22 28
15 24
0 18
18 27
0 9
0 11
19 25
32 40
13 19
10 16
0 24
32 37
0 6
0 6
16 22
18 29
0 6
22 28
13 27
32 37
0 11
11 17
32 37
54 60
22 28
0 8
43 48
17 27
19 25
0 6
19 25
17 26
0 8
26 33
32 40
32 40
19 25
11 17
0 8
32 37
0 9
18 27
11 17
0 13
18 27
0 6
32 40
11 17
32 38
0 6
28 42
18 33
0 5
50 54
10 16
11 17
24 44
16 21
32 37
32 40
16 22
0 6
0 6
35 40
32 37
11 17
30 39
25 39
4 9
5 11
19 25
22 28
38 44
5 11
36 46
20 27
11 17
25 34
25 30
0 15
38 42
0 6
25 33
11 17
16 21
18 27
25 30
0 6
0 10
11 17
0 25
8 18
4 10
0 6
11 17
19 29
19 25
32 37
0 6
19 25
25 39
4 17
22 28
32 37
11 17
17 21
0 6
11 17
5 15
0 6
10 21
5 11
5 14
22 42
22 28
0 6
0 6
32 40
32 40
18 27
5 18
9 27
16 21
16 25
0 10
19 25
25 30
0 10
4 10
41 46
22 28
32 40
25 30
32 37
0 6
19 25
32 40
0 6
36 44
0 6
11 17
0 6
0 6
25 30
19 29
0 6
22 31
32 37
32 40
4 19
32 40
32 40
32 37
26 34
13 26
0 6
22 33
11 17
8 23
11 17
19 25
0 11
5 11
16 22
11 17
19 25
25 33
23 29
19 25
16 21
25 33
32 37
11 17
5 11
46 53
0 6
9 23
21 32
25 34
8 19
32 42
19 25
19 25
0 6
32 36
0 15
0 4
41 65
0 6
32 40
0 6
0 6
25 34
25 34
22 28
30 38
0 6
0 6
28 37
22 28
19 25
7 11
0 6
0 10
11 17
22 27
22 28
32 40
0 6
22 28
25 34
27 34
19 25
25 38
7 19
30 38
19 34
8 20
32 37
11 17
32 40
0 6
32 36
16 22
11 17
14 25
20 29
21 40
16 22
5 14
32 40
18 26
0 13
15 24
0 7
0 6
16 24
21 32
0 9
15 27
32 50
26 30
18 27
32 40
32 40
41 46
24 32
0 6
32 37
16 24
19 25
31 34
16 21
32 53
0 6
9 14
15 26
32 40
32 37
17 23
32 40
19 25
0 16
11 17
4 11
0 6
29 35
3 9
0 14
11 17
31 33
32 37
0 6
32 37
11 17
32 40
4 8
32 37
10 16
16 21
16 24
0 6
5 20
5 15
0 6
5 11
0 16
0 7
0 13
22 28
19 25
25 34
30 56
11 17
30 38
32 39
5 19
32 40
32 39
52 65
22 28
0 6
0 7
0 6
35 40
0 13
10 21
0 11
0 6
21 28
0 13
40 67
6 10
32 45
0 6
0 7
11 17
11 17
19 25
0 6
32 40
25 34
25 30
29 47
32 41
0 6
0 6
2 16
32 37
16 25
0 6
22 28
0 11
11 17
22 28
32 46
15 24
11 25
11 17
11 17
19 25
27 42
0 6
7 10
22 28
8 15
54 62
0 8
49 53
0 6
22 28
25 36
16 27
15 24
30 39
0 6
5 11
32 40
19 25
5 9
32 37
42 46
11 17
47 55
32 37
10 24
0 6
41 49
41 49
22 28
5 11
0 12
32 41
10 28
11 17
36 42
19 25
0 11
32 40
25 33
0 16
0 20
0 6
16 22
0 7
19 25
0 6
4 19
5 18
28 41
32 37
39 48
19 25
18 27
0 11
32 37
6 12
15 24
9 18
25 31
0 11
22 28
11 17
25 33
9 15
32 37
32 40
10 16
32 40
11 17
0 6
0 6
0 6
5 11
0 5
11 17
5 11
32 40
19 25
11 17
32 37
32 40
23 32
19 25
0 6
4 18
0 6
0 11
37 62
11 17
41 50
19 25
0 13
5 18
0 6
16 22
0 5
5 11
0 17
32 40
22 28
0 6
22 28
22 31
0 6
47 53
36 40
25 30
38 44
0 6
0 6
19 25
32 37
0 5
0 15
4 15
32 40
32 40
19 25
18 26
18 27
32 40
32 43
41 49
0 6
32 37
11 17
0 14
27 36
19 31
9 18
0 6
38 44
41 46
11 17
32 45
32 40
11 17
0 6
5 8
32 37
32 40
14 18
32 40
32 40
21 25
4 10
37 50
0 17
37 63
32 49
22 28
32 37
0 6
25 34
0 7
32 40
0 10
37 63
22 28
5 12
0 6
0 11
0 6
5 15
32 37
0 6
7 25
32 40
9 15
5 8
0 16
0 4
0 6
32 41
32 40
32 40
11 17
25 33
41 50
0 5
4 10
25 30
32 40
0 9
5 12
0 6
32 36
0 6
52 63
34 43
22 28
0 6
11 17
25 36
19 25
22 28
25 34
0 10
32 40
0 7
32 43
0 6
11 17
0 9
0 6
5 15
0 6
28 36
19 25
19 22
4 13
12 21
20 25
25 33
11 17
11 17
18 27
0 7
22 28
18 27
16 22
19 25
0 6
0 6
0 12
22 28
35 44
0 10
0 6
22 28
32 37
22 33
11 17
0 10
0 6
0 6
32 40
0 5
32 40
14 23
0 6
0 12
11 17
32 40
9 23
19 25
16 24
32 40
0 3
21 26
19 32
7 18
28 33
19 25
32 40
0 18
0 6
19 25
11 17
32 40
9 15
32 46
0 6
34 39
25 33
8 13
0 6
0 6
19 25
5 11
11 17
32 37
0 6
0 6
4 10
22 28
0 3
5 19
25 30
9 18
0 3
0 3
10 15
22 28
0 10
32 40
0 6
25 34
9 22
25 33
18 29
22 28
11 17
25 34
0 6
0 6
0 6
0 23
0 4
22 28
0 6
10 22
32 40
5 17
0 14
18 27
41 47
7 21
0 4
0 6
0 6
32 37
0 6
19 25
22 28
0 9
9 18
29 37
0 6
9 15
4 17
25 33
0 13
11 17
14 26
19 25
25 30
22 28
5 16
15 24
0 6
22 28
0 6
0 6
11 17
0 6
0 6
3 9
32 37
19 25
4 10
18 21
0 6
23 30
0 6
26 31
32 37
11 17
0 6
11 17
0 15
32 37
5 12
32 37
0 6
11 17
0 6
22 28
4 8
0 6
0 11
5 15
28 39
22 28
10 16
25 33
32 40
0 3
22 28
32 40
0 20
0 6
0 4
30 39
32 45
14 40
32 37
9 32
32 37
32 40
19 25
41 49
0 14
21 33
19 25
0 6
11 17
11 17
19 32
32 37
41 50
0 6
10 16
25 33
19 31
11 17
23 41
0 6
22 28
11 17
0 6
3 16
32 37
0 2
26 35
16 22
28 31
5 16
16 22
0 5
22 33
19 25
36 46
11 17
9 27
11 17
42 50
32 37
4 10
25 30
10 28
0 6
4 10
31 36
11 17
22 27
0 6
7 13
0 6
30 56
12 24
0 6
32 37
32 43
3 9
0 6
0 6
0 11
16 21
16 22
0 6
4 15
21 26
25 34
32 40
0 6
32 40
3 28
36 44
19 25
22 28
19 25
32 58
19 25
5 8
11 17
2 8
18 28
0 7
14 24
11 17
32 45
20 27
0 6
11 17
0 6
16 22
22 28
25 33
0 15
11 17
34 39
0 6
32 37
32 40
25 34
5 15
21 28
0 6
0 7
5 14
22 28
24 35
32 40
32 40
15 24
0 6
22 28
22 28
0 6
19 25
22 28
31 39
0 8
5 11
0 6
9 18
0 6
29 34
0 8
32 37
11 17
19 25
19 25
11 17
32 40
9 25
19 25
0 6
0 13
12 15
16 22
0 6
0 8
10 16
14 25
0 7
0 6
4 10
19 25
11 17
4 12
11 17
32 40
16 22
9 18
3 20
11 17
0 6
32 40
0 6
33 42
22 28
16 24
19 25
0 12
22 28
36 62
16 23
4 10
24 30
11 17
19 25
0 7
0 6
32 40
32 37
25 30
32 40
35 46
0 9
11 17
19 25
3 10
0 14
46 51
16 23
9 15
0 6
22 28
11 17
29 37
32 40
9 15
0 6
32 37
0 9
25 34
41 46
4 10
19 25
32 43
22 28
0 6
32 37
19 25
13 21
5 25
38 46
32 37
32 40
32 40
11 17
22 28
19 25
25 34
11 17
0 17
17 35
5 15
5 16
32 40
0 24
35 40
19 25
21 30
0 6
0 7
34 46
21 30
1 7
11 17
16 22
0 6
9 15
0 8
21 27
0 6
25 33
7 11
22 28
0 11
0 6
32 40
0 6
19 25
0 11
32 40
11 17
11 17
11 17
19 25
25 46
40 45
22 28
16 22
19 25
14 24
0 14
11 17
0 6
0 6
32 45
0 14
0 13
0 3
0 6
0 16
0 6
30 41
25 34
21 38
11 22
34 57
17 23
7 13
22 35
19 25
11 17
18 27
18 26
5 11
0 6
0 6
28 45
11 17
18 26
31 37
25 38
16 22
0 6
24 32
25 30
26 31
0 6
32 40
0 3
4 10
0 6
19 25
32 49
32 37
32 40
19 26
16 22
22 29
32 37
20 29
32 37
16 29
0 5
32 40
21 40
6 18
11 17
11 17
5 16
11 17
4 17
23 42
20 29
0 14
0 6
0 6
5 11
0 6
14 20
32 43
9 18
19 25
0 5
16 21
22 28
11 17
0 6
0 6
5 16
19 25
22 28
0 6
0 6
12 24
22 28
19 25
11 17
32 37
0 6
0 6
32 44
0 6
32 40
22 28
26 32
22 28
0 6
22 28
47 52
16 23
15 24
32 43
32 40
28 32
0 4
4 11
22 28
0 6
0 26
25 30
15 30
0 6
6 13
20 34
22 28
39 45
51 55
41 52
4 15
0 6
11 17
0 11
22 28
11 17
36 41
37 63
0 8
7 15
16 22
22 28
20 39
21 32
11 17
32 40
39 58
5 13
32 40
16 21
2 12
0 6
16 30
18 27
43 47
15 24
17 28
28 47
19 25
11 17
30 38
17 20
25 34
5 11
21 32
29 38
11 17
32 40
18 44
19 25
26 40
32 37
0 6
26 34
44 51
32 40
11 17
0 6
32 40
19 30
0 19
22 30
25 33
11 17
32 37
0 6
0 6
0 6
32 40
0 6
0 6
0 6
0 9
15 24
16 22
16 28
32 40
22 28
30 39
32 45
0 6
32 37
42 47
22 28
0 17
14 18
5 18
19 25
30 39
32 40
0 6
32 36
9 17
0 6
28 33
0 5
0 6
11 17
0 10
41 50
4 8
22 28
29 37
8 13
16 24
5 11
22 28
9 18
0 9
26 37
0 6
0 6
22 28
18 27
12 18
0 6
19 25
5 11
32 40
19 25
14 25
19 25
0 14
32 37
30 38
11 17
48 52
0 6
32 40
0 20
32 37
0 6
4 15
22 28
26 41
32 37
31 40
11 17
29 46
32 37
32 40
11 17
39 65
0 6
6 20
21 26
18 24
32 37
22 28
30 40
0 5
0 15
16 22
25 33
28 34
32 40
11 17
5 16
0 6
11 17
32 40
32 40
0 6
32 41
25 33
32 40
0 8
11 17
31 40
9 19
11 17
0 6
0 22
0 6
22 28
13 16
11 17
0 9
25 33
0 17
43 48
22 28
11 17
0 6
0 18
5 18
32 40
20 25
34 43
22 28
14 17
11 17
32 40
13 26
0 6
0 9
0 3
32 37
25 33
0 8
4 10
32 40
14 24
0 7
7 14
29 37
19 25
5 8
5 13
32 37
25 34
5 16
9 15
19 25
32 37
32 37
32 40
39 48
25 33
0 6
39 44
10 24
32 37
0 6
19 25
7 18
32 37
43 47
18 27
26 45
0 6
0 6
19 25
16 21
32 40
27 32
21 30
32 40
0 6
22 28
22 33
25 30
0 5
0 6
9 13
22 28
11 17
41 46
0 6
4 10
21 29
30 39
14 23
3 17
21 30
5 11
0 6
16 21
19 24
19 25
30 39
32 43
0 13
32 40
30 37
3 17
25 30
7 13
19 25
11 22
33 37
41 46
0 9
0 8
11 17
0 6
0 6
0 14
11 17
11 17
11 17
25 39
3 9
5 12
32 40
19 25
31 38
0 6
19 28
0 18
21 31
9 18
11 18
46 53
16 22
22 26
0 6
4 15
25 33
37 61
22 28
7 11
14 23
19 25
19 25
11 17
19 25
0 6
5 15
19 25
11 17
29 38
14 22
32 40
0 24
34 43
0 6
30 38
19 25
0 6
0 3
0 5
18 27
4 10
25 33
31 42
0 18
19 25
0 8
24 32
0 6
42 48
11 17
9 15
11 17
0 5
11 17
32 36
0 3
5 8
4 11
0 17
32 37
0 6
14 23
0 22
19 25
21 27
0 6
15 24
0 6
0 6
0 6
41 49
32 40
9 15
36 42
4 10
19 25
0 6
19 25
11 17
19 25
11 17
5 11
0 6
20 29
32 37
0 7
22 28
0 6
11 17
22 28
25 36
0 4
0 6
15 24
19 25
24 33
8 23
32 37
32 37
6 11
11 24
4 19
11 17
48 56
11 17
0 6
3 20
32 39
11 17
0 6
32 47
11 17
30 35
5 11
0 6
0 7
3 22
5 15
4 26
0 18
5 12
27 36
11 17
32 51
0 14
3 16
4 11
0 12
22 28
39 48
32 37
18 27
0 6
32 40
32 40
32 37
8 15
9 18
32 37
11 17
55 60
11 17
16 37
19 25
0 10
5 15
0 5
10 16
22 28
19 25
2 8
0 6
16 22
32 40
4 10
37 41
3 6
16 28
0 6
41 47
0 6
16 35
0 6
0 11
32 48
0 10
0 10
0 6
11 17
13 21
0 6
11 17
15 24
0 6
0 7
4 10
10 20
0 6
0 14
10 15
25 34
10 16
25 34
0 17
0 14
0 7
16 21
16 31
11 17
25 27
26 36
22 28
22 28
22 28
32 45
32 40
0 10
12 17
41 48
20 36
18 27
5 13
19 25
32 41
29 38
32 45
40 67
0 6
41 46
0 6
16 25
11 17
25 34
28 43
14 17
16 22
0 6
25 34
16 27
0 6
30 38
22 28
32 40
32 48
0 11
47 55
0 6
39 50
22 28
32 37
32 41
32 37
19 25
22 26
0 6
32 40
32 40
0 6
32 40
16 24
30 35
0 6
37 43
11 17
32 38
0 6
32 40
40 45
15 25
19 25
11 17
19 25
4 10
16 25
0 18
0 6
0 8
0 6
11 17
11 17
22 28
14 19
3 17
0 9
0 14
11 17
11 17
11 17
16 22
0 6
0 9
5 15
9 15
32 37
32 37
22 28
23 36
19 25
19 25
32 40
32 40
9 15
29 37
0 6
9 18
11 17
19 25
0 6
19 25
32 37
6 10
0 15
32 40
5 16
22 28
0 9
0 6
0 6
4 12
4 10
0 6
12 19
11 17
22 28
8 20
41 52
11 17
25 33
22 28
36 44
32 40
0 6
11 17
16 34
19 25
16 22
32 40
0 15
22 28
0 6
19 25
4 12
4 10
0 6
5 20
0 4
22 28
4 11
0 6
22 28
0 5
0 6
19 25
15 24
29 34
5 18
32 37
32 40
32 37
18 34
0 6
22 28
0 6
19 25
0 14
0 6
5 16
30 39
4 10
25 33
0 6
30 49
0 6
0 10
41 46
5 22
0 6
0 26
36 44
0 19
4 10
18 27
5 11
9 18
19 25
19 25
11 17
42 46
19 25
32 37
26 33
22 28
0 6
22 28
32 40
0 6
32 40
0 9
39 65
21 26
0 6
8 30
41 44
16 23
32 37
32 41
0 4
0 6
32 45
0 4
18 27
22 28
0 6
19 25
13 27
19 25
0 6
9 22
0 8
22 28
18 21
10 13
0 6
0 6
22 27
25 34
11 17
5 14
5 11
32 37
22 28
16 24
22 28
22 28
0 8
0 8
11 17
22 28
22 28
19 25
0 6
0 11
0 7
11 17
8 18
11 17
43 56
0 6
19 25
11 17
25 33
0 6
11 17
22 28
0 6
32 40
32 37
4 10
0 14
19 25
11 17
32 40
0 6
6 13
29 36
7 24
4 10
15 24
0 6
22 28
32 41
4 8
19 25
14 24
0 6
25 34
22 28
11 17
11 17
11 17
32 40
10 16
0 6
0 6
19 25
17 39
23 31
15 23
23 37
20 26
5 16
11 17
22 27
0 16
0 6
27 35
32 40
16 27
5 22
11 17
19 25
9 18
7 11
0 11
0 25
0 13
0 4
32 37
25 37
21 27
32 40
10 21
29 36
0 6
0 6
32 45
0 8
0 9
32 39
0 6
0 21
0 3
0 8
41 49
0 6
20 29
16 21
15 24
0 3
16 24
0 6
22 30
24 32
0 6
0 4
18 27
30 53
0 6
32 40
11 17
41 49
25 33
5 11
22 28
22 28
18 27
19 25
22 28
5 8
5 8
25 30
16 22
36 42
0 8
7 11
36 41
25 34
4 10
0 6
5 15
0 11
5 20
0 11
32 40
0 6
35 64
22 28
34 42
5 11
21 27
0 6
32 40
30 36
32 40
32 37
13 24
32 37
0 7
30 35
0 6
3 9
11 17
0 6
5 11
0 6
0 6
0 6
43 47
32 37
0 6
0 6
27 32
39 48
19 25
19 25
30 39
0 15
4 10
0 6
32 39
0 6
47 53
0 18
0 6
0 4
0 6
0 6
32 39
32 47
11 17
11 14
19 25
11 17
27 34
16 22
22 28
0 6
0 6
32 40
32 43
24 32
22 28
32 42
14 23
11 17
26 41
9 16
32 37
11 17
0 6
0 7
22 28
0 13
19 25
22 28
0 7
22 28
25 34
41 54
18 24
19 25
32 40
32 37
19 25
5 14
56 60
17 26
32 43
42 46
32 37
0 6
19 25
0 6
7 11
0 6
8 19
0 6
27 32
19 25
0 10
0 6
32 37
32 40
29 38
23 29
12 22
22 28
20 26
20 29
11 17
32 37
19 25
11 17
0 13
11 17
0 6
22 28
0 6
21 29
37 45
18 27
25 33
0 6
15 24
7 11
23 32
11 17
17 27
11 17
20 29
2 20
32 53
0 9
9 23
32 40
4 10
45 51
22 28
22 28
11 17
0 7
0 22
22 28
9 15
0 6
18 27
0 12
10 16
0 6
0 6
32 40
22 28
18 27
9 15
11 17
27 35
28 33
23 28
0 6
29 37
32 40
16 23
0 6
30 39
37 45
11 17
9 15
0 10
0 6
0 6
25 33
19 25
3 10
21 27
17 25
46 53
22 28
0 9
32 37
30 38
7 11
41 49
13 20
0 8
21 29
11 17
32 40
29 35
0 6
0 6
0 4
0 16
0 7
0 10
25 34
11 17
21 31
6 23
18 27
22 27
22 30
0 4
0 5
5 17
12 17
0 6
32 37
56 60
25 33
0 6
5 11
19 25
32 40
25 34
11 17
0 13
11 17
0 14
27 34
0 6
51 60
32 37
6 13
20 29
11 17
0 6
9 18
6 12
0 6
31 38
41 46
18 27
16 22
22 28
16 24
22 27
5 15
4 11
32 40
5 11
21 32
31 39
0 13
19 25
25 35
32 37
9 18
32 40
16 30
0 5
11 17
0 4
0 4
0 6
33 38
32 37
22 28
42 47
32 39
19 25
16 22
41 51
25 33
5 11
0 6
37 61
0 8
32 40
0 8
25 34
0 6
0 6
16 22
11 17
0 6
32 40
25 33
0 12
22 28
2 15
19 25
4 7
32 36
0 6
32 37
11 17
52 56
19 25
19 25
5 15
9 16
35 62
36 44
10 16
4 10
4 19
15 22
4 15
11 17
24 32
21 32
0 8
32 37
16 24
0 6
33 55
9 18
0 13
5 22
22 28
9 18
0 9
56 65
19 25
0 6
9 15
11 17
0 6
16 20
32 40
0 6
0 6
4 12
0 6
39 48
0 6
26 34
32 40
0 6
0 17
10 13
0 12
44 65
0 6
0 6
0 6
0 9
32 37
0 6
32 37
8 14
9 18
25 34
25 34
0 6
0 15
32 40
0 6
0 14
45 51
18 27
11 17
0 10
41 52
25 33
19 25
0 11
0 4
0 5
55 64
16 22
19 25
19 25
32 40
0 6
20 29
21 26
5 15
22 28
22 28
0 3
32 37
7 25
0 6
29 37
21 38
25 32
21 25
19 25
0 6
0 9
5 15
9 15
11 17
15 24
0 17
19 30
32 40
25 34
14 23
0 6
0 5
32 40
7 13
32 43
0 6
18 27
26 41
0 6
19 25
41 49
19 25
0 6
16 21
22 28
25 30
0 6
0 8
22 29
45 49
0 9
5 16
25 33
11 17
16 22
0 6
0 6
32 40
32 37
10 23
33 42
32 41
0 6
32 53
41 49
7 11
0 6
0 11
19 25
11 17
0 11
43 48
0 4
16 24
0 6
16 22
19 25
22 28
5 7
32 37
25 33
0 6
25 33
5 9
23 32
32 40
32 40
0 6
5 17
0 6
25 39
0 6
21 25
0 6
28 36
18 27
18 27
8 12
22 28
0 5
7 11
32 37
24 32
30 35
5 19
19 26
11 17
11 17
19 25
41 46
9 15
19 25
5 11
28 36
0 6
32 45
41 49
19 25
0 6
22 28
19 28
0 6
25 27
0 10
0 6
0 6
0 15
0 6
32 40
16 22
25 33
4 11
0 6
32 40
15 24
19 25
0 6
5 18
32 51
5 16
9 15
18 29
11 17
11 17
16 27
21 27
22 28
28 43
0 10
32 37
3 9
25 31
17 25
0 6
0 11
0 17
32 37
19 25
0 6
16 20
22 28
48 52
32 40
19 25
26 32
32 40
25 34
16 22
15 24
44 71
0 9
21 35
0 6
16 22
16 20
19 25
41 54
0 10
27 43
0 6
0 6
3 16
32 44
0 5
0 7
32 40
9 15
11 17
32 53
19 25
0 6
32 43
5 11
5 16
15 24
5 15
21 34
32 37
18 27
0 5
32 37
0 6
0 8
18 27
32 40
3 25
0 16
0 4
0 11
9 19
32 40
0 6
32 37
0 6
0 8
8 20
0 6
16 25
9 18
0 25
3 20
0 6
32 40
9 18
21 30
32 37
25 34
4 10
4 11
45 53
0 8
0 11
0 6
28 33
0 9
35 64
11 17
20 29
32 40
27 35
37 45
0 6
11 22
19 25
0 6
9 15
5 11
0 6
0 6
0 15
7 11
14 18
5 16
41 49
5 14
32 43
29 43
0 6
15 24
0 10
0 7
19 25
19 25
15 24
0 13
0 9
32 40
7 17
22 28
26 34
0 7
5 13
5 11
32 37
7 13
44 49
0 6
22 28
0 7
0 6
0 6
25 34
7 11
11 17
24 32
19 25
0 10
25 34
9 15
25 34
16 20
15 18
0 6
32 37
0 5
19 25
25 33
23 42
11 17
0 6
11 17
31 53
5 18
11 17
32 40
17 26
0 6
22 28
5 16
32 40
11 17
19 25
0 4
32 38
19 25
3 9
14 23
19 25
22 28
32 39
0 6
23 28
0 6
5 11
32 37
0 6
16 25
19 25
32 36
0 6
32 40
12 18
32 40
0 3
0 6
11 17
18 27
32 37
35 44
16 22
16 20
11 17
21 29
16 26
0 6
11 17
0 6
26 35
0 13
0 6
25 33
5 11
25 34
0 6
52 77
42 47
37 43
0 6
20 28
11 17
3 11
27 38
9 23
0 6
0 15
22 28
32 37
0 6
13 26
30 39
4 10
11 16
19 25
0 9
9 18
0 8
32 45
0 4
11 17
0 6
0 6
32 40
13 21
11 17
11 17
22 28
9 18
32 45
14 23
9 15
0 11
32 40
0 4
7 11
32 43
22 28
5 11
0 6
5 16
0 6
9 18
0 5
0 6
0 6
19 25
32 40
32 37
0 9
32 40
0 6
32 46
0 6
22 28
0 6
30 35
42 50
0 6
29 34
24 29
18 29
26 34
16 29
16 21
8 13
0 6
22 28
0 13
9 15
0 3
0 8
3 11
26 37
11 17
11 17
19 25
0 18
11 17
32 40
0 6
17 26
12 16
0 20
0 6
30 38
0 6
22 27
19 25
23 28
32 40
25 34
11 17
12 27
0 6
0 6
27 41
0 10
0 16
0 3
7 21
0 6
25 34
9 18
25 31
41 54
19 25
0 6
0 12
22 28
16 22
19 23
23 31
0 6
5 18
0 10
31 36
25 34
0 15
5 11
18 27
32 40
25 33
11 17
0 6
0 6
9 13
15 20
22 28
0 6
4 8
19 25
5 11
43 52
18 27
0 6
32 40
16 24
10 18
11 17
23 31
25 33
19 25
0 6
19 25
5 15
0 13
32 40
11 17
19 25
32 40
32 40
23 41
32 36
33 42
37 46
11 17
32 39
31 51
0 6
22 28
0 6
0 13
14 23
0 6
0 6
24 31
11 17
0 5
11 17
22 28
30 33
32 40
24 32
27 43
5 11
0 6
0 13
11 17
11 17
32 40
0 6
26 31
4 10
0 6
32 40
22 28
16 22
11 17
30 35
0 6
3 15
16 20
0 21
32 40
19 25
19 25
0 13
9 27
0 6
19 33
0 6
0 6
32 37
41 49
0 6
19 25
11 17
32 37
11 17
3 20
0 3
0 6
4 18
41 49
11 17
25 30
32 37
16 22
0 6
32 40
27 32
0 6
12 27
9 29
11 17
0 6
32 40
9 18
25 36
0 8
21 30
11 17
28 36
0 18
0 6
32 37
22 28
30 35
0 6
19 25
9 18
0 10
32 43
0 6
11 17
13 22
36 62
41 51
0 6
14 23
13 17
11 17
0 6
20 23
19 25
32 37
36 45
3 13
0 6
0 4
11 17
21 31
0 6
15 26
32 40
12 20
41 46
19 25
0 6
22 28
0 8
19 25
13 31
16 27
23 29
32 40
19 25
19 25
11 17
32 37
31 39
0 5
19 30
32 37
36 41
0 6
19 25
16 24
0 6
18 26
4 10
9 15
0 6
0 6
36 42
19 25
0 6
19 25
0 6
11 17
32 37
11 16
16 22
0 6
32 37
41 50
30 56
0 6
32 43
11 17
9 18
0 6
18 27
0 6
0 6
43 51
11 17
23 30
22 28
19 25
16 25
4 10
32 37
0 6
42 47
36 42
11 17
14 23
0 14
19 23
19 25
5 9
11 16
19 25
19 25
5 15
2 8
13 19
5 13
23 32
32 37
20 29
0 14
0 9
22 28
23 34
0 4
11 17
13 16
30 36
19 25
0 16
0 6
21 31
19 25
41 50
0 6
0 6
0 6
0 3
32 45
32 37
24 30
22 28
32 39
19 25
0 6
4 10
14 23
22 28
32 40
32 40
32 37
0 6
16 21
11 17
0 5
0 7
0 4
48 52
14 21
41 52
11 17
11 17
31 57
0 3
11 17
9 16
22 28
16 20
36 44
19 25
0 6
0 6
11 17
0 13
29 34
0 6
0 5
41 51
19 25
36 41
26 34
37 42
15 24
32 40
0 6
19 25
41 49
0 6
32 43
32 53
32 45
0 7
0 4
0 21
0 6
11 17
22 28
10 15
45 51
0 6
22 28
0 6
0 6
22 28
11 17
19 25
11 17
0 6
3 7
40 45
25 31
30 38
21 26
16 22
0 6
32 40
0 10
9 18
0 6
41 48
14 23
0 5
32 41
0 7
12 16
0 6
27 41
18 27
0 6
0 6
19 25
25 34
0 6
11 17
0 6
0 6
32 40
0 25
30 47
45 53
0 8
16 31
32 37
22 28
0 7
0 6
9 15
27 32
32 40
22 28
0 6
22 28
23 32
32 40
32 40
0 5
32 42
0 8
19 25
0 6
42 46
17 27
9 20
18 27
32 40
34 39
0 8
0 7
0 6
19 25
25 33
32 40
18 27
55 61
28 47
32 37
32 37
5 16
25 33
0 10
0 12
0 6
11 17
0 6
32 37
25 45
22 28
32 37
11 17
5 16
32 37
0 14
32 37
22 28
11 17
25 33
11 17
0 6
11 17
12 18
0 6
25 34
25 42
15 19
26 30
0 3
0 17
41 49
30 38
0 6
32 41
0 6
0 7
13 20
9 15
4 10
11 17
32 39
11 17
0 6
0 6
18 27
21 27
19 25
16 33
22 28
32 40
21 29
0 7
11 14
11 17
5 16
0 11
4 16
0 8
0 6
9 15
0 6
32 40
22 30
22 28
19 25
0 3
5 15
0 6
11 17
0 6
11 17
22 28
11 17
32 37
0 6
32 52
0 6
5 8
25 33
32 40
44 64
19 25
16 22
5 18
25 30
2 17
22 28
27 35
25 30
29 38
25 34
11 17
32 40
0 5
22 28
30 39
32 37
0 14
0 8
0 13
11 17
0 6
29 34
23 32
27 41
7 11
0 6
16 22
31 48
11 17
0 8
41 52
0 5
32 40
32 37
0 9
5 9
26 34
41 55
32 41
11 17
0 6
0 6
20 29
0 4
11 17
16 24
32 37
0 6
0 6
0 18
9 19
5 14
19 25
41 47
19 25
32 46
32 40
5 21
32 40
29 37
0 6
11 17
4 10
30 47
0 6
0 14
19 25
25 30
0 7
22 28
0 6
40 46
0 11
0 13
0 6
20 29
15 24
5 8
28 37
25 34
32 40
0 4
18 27
32 37
25 39
11 17
14 21
19 25
32 43
22 28
0 6
19 25
0 6
0 6
4 11
4 11
0 19
0 10
32 37
13 21
38 46
11 17
4 10
0 5
16 24
11 17
0 6
9 14
0 7
32 37
25 32
0 6
16 22
0 6
22 26
19 25
32 37
22 28
11 17
32 37
33 41
0 8
27 35
32 40
0 6
0 6
0 6
0 6
11 17
25 34
0 6
32 43
37 46
22 28
0 7
0 15
52 56
16 20
32 40
36 42
4 11
0 6
36 44
11 17
19 25
32 40
16 20
19 25
25 33
25 30
22 28
32 41
22 28
32 38
32 40
22 28
32 40
0 19
18 33
0 6
32 40
5 16
38 55
16 22
0 7
23 32
2 22
0 6
9 18
28 39
25 33
32 40
19 25
0 6
19 25
25 34
32 40
0 5
0 6
32 40
32 40
33 44
0 11
0 6
0 6
0 3
0 7
5 16
32 40
0 10
0 16
32 40
23 42
0 5
41 49
36 44
42 53
32 40
0 8
0 9
0 6
5 11
32 43
5 11
0 6
0 6
42 48
25 33
34 42
25 34
4 17
5 15
32 37
32 37
11 17
0 5
9 18
19 25
0 6
28 35
18 27
0 13
32 37
32 40
0 6
4 10
11 17
0 6
4 10
0 14
11 17
25 35
32 37
9 12
5 11
10 13
18 27
0 6
23 41
28 34
5 18
11 17
0 6
0 6
0 5
5 16
11 17
19 25
42 50
11 17
19 25
11 17
32 40
25 36
0 6
29 41
25 37
32 37
19 25
32 43
32 37
30 38
32 40
25 33
0 6
32 37
16 22
35 43
32 40
0 13
40 45
25 34
0 3
0 6
26 30
32 45
19 25
32 37
19 25
31 51
5 16
0 7
22 31
9 15
0 6
23 28
0 6
32 40
0 6
22 28
32 37
14 27
19 25
0 6
11 17
36 49
3 9
4 10
32 41
32 40
5 18
29 35
11 17
16 24
0 9
32 40
0 6
0 6
16 22
0 4
11 17
18 21
19 25
2 8
0 6
0 5
11 17
0 6
0 3
4 15
10 15
0 10
25 34
5 18
0 4
0 6
26 33
0 6
16 26
22 28
18 27
18 28
22 28
22 27
32 40
0 11
32 40
30 39
43 47
32 36
30 47
3 8
0 7
39 47
0 13
32 40
11 17
0 6
0 11
30 43
25 34
26 41
19 25
22 28
9 22
11 17
40 48
0 8
19 25
9 18
4 10
0 23
0 6
32 40
21 26
19 26
0 6
5 11
0 16
41 48
32 39
0 9
32 40
0 6
38 46
4 10
26 48
32 40
32 37
6 10
51 55
4 12
19 25
0 18
32 40
21 33
19 25
4 10
22 28
0 6
0 6
11 17
31 40
0 10
22 28
11 17
20 27
22 28
14 23
32 37
0 6
0 6
32 37
25 34
0 6
32 40
9 13
32 43
8 23
0 13
0 10
45 53
33 55
46 59
0 6
0 13
32 40
11 17
29 34
8 22
9 18
0 6
16 26
22 28
4 12
28 36
0 6
5 15
25 33
5 11
0 6
41 49
5 19
32 37
22 28
43 51
0 6
32 37
5 11
0 6
32 40
0 9
32 37
11 17
32 40
0 6
20 28
32 40
16 22
11 17
0 6
5 16
25 34
3 13
32 51
0 9
19 25
22 28
32 37
22 28
9 18
22 28
22 28
5 11
32 41
32 41
32 40
9 15
0 18
9 15
51 60
0 6
5 20
22 28
0 6
21 27
32 37
32 40
0 6
5 11
34 39
0 3
11 17
12 28
9 17
30 38
0 6
0 6
0 6
38 57
19 25
0 15
32 40
1 10
42 51
2 8
0 6
5 11
0 6
25 35
30 35
0 6
0 6
19 25
22 28
19 25
45 61
11 17
4 32
36 44
11 17
0 6
16 22
5 8
30 38
0 6
17 28
35 39
0 4
20 29
18 35
22 28
32 40
31 39
0 6
32 40
0 7
0 6
32 37
5 10
32 40
41 47
0 4
32 40
0 7
32 40
25 33
22 28
25 33
44 65
11 17
0 13
15 29
0 6
11 17
23 42
15 24
25 30
32 37
0 6
19 25
0 9
16 24
5 18
0 6
0 9
21 34
0 7
22 28
4 10
10 28
32 37
22 28
4 13
0 9
0 6
9 22
11 17
32 38
16 30
0 10
0 5
22 28
30 39
4 8
0 6
0 6
0 6
11 17
19 25
11 17
0 6
22 28
4 14
11 22
32 37
0 6
9 13
14 24
19 23
3 13
5 11
0 6
32 41
0 6
0 6
32 40
11 17
32 40
15 24
32 37
15 24
3 9
21 23
23 34
19 25
19 25
32 37
32 40
34 42
0 7
0 6
32 37
32 40
25 34
5 11
32 37
0 6
0 6
19 25
2 16
0 6
34 43
0 6
22 28
7 11
22 28
4 10
0 6
0 6
0 19
11 17
32 40
0 6
15 24
0 6
25 33
25 30
21 31
4 10
25 33
32 37
16 22
0 8
32 46
16 24
35 43
24 33
11 17
0 6
16 22
0 6
31 36
32 40
20 28
14 29
32 40
25 33
11 17
22 28
19 25
0 8
12 15
32 37
0 6
0 6
22 28
32 37
16 20
0 13
3 18
36 60
0 6
22 28
4 10
10 25
42 53
0 4
0 6
0 6
43 47
0 13
19 25
16 24
32 39
0 4
0 6
23 30
17 35
36 45
0 6
32 43
32 39
22 28
22 28
16 25
11 17
0 6
25 30
32 40
32 41
0 6
0 12
32 40
18 27
0 14
19 25
0 6
32 40
19 25
11 17
32 37
0 6
11 25
14 23
0 23
0 6
30 38
32 40
0 6
19 25
0 7
33 47
23 32
20 25
15 24
25 38
9 15
22 28
5 11
5 16
9 15
32 40
32 40
36 46
27 35
42 50
5 12
16 22
15 26
0 19
0 11
11 17
0 6
0 10
22 28
16 24
20 23
0 4
5 15
32 40
15 24
16 24
0 6
16 25
19 25
9 18
4 11
26 32
32 40
0 6
32 37
21 31
32 40
32 40
33 42
5 15
4 10
32 39
0 6
32 40
11 17
32 37
25 35
24 44
0 7
34 42
0 6
0 5
13 28
32 43
0 6
32 40
40 46
14 23
15 24
0 10
19 25
22 28
22 28
4 11
0 8
0 8
32 40
32 45
0 7
19 25
19 25
0 6
0 6
0 6
32 40
19 25
19 25
0 13
0 6
22 27
0 6
16 34
3 9
32 40
29 39
25 34
16 24
16 27
0 9
32 40
0 6
0 6
0 10
0 6
22 28
14 23
4 10
0 6
14 24
14 18
24 28
27 35
0 8
11 17
37 45
11 17
9 13
18 27
36 44
0 6
32 53
4 10
32 37
0 6
0 6
19 25
11 17
32 37
9 15
0 8
0 6
32 39
13 18
11 17
25 34
0 6
41 51
0 6
4 11
32 40
33 47
19 25
32 45
25 34
30 47
11 17
22 28
32 36
16 33
32 40
25 30
0 6
16 27
5 16
0 6
38 49
0 6
5 11
18 27
11 17
19 25
19 25
9 15
22 40
0 6
36 41
5 9
19 25
11 17
11 17
11 17
0 14
2 16
30 39
11 17
48 52
26 32
22 28
0 4
0 10
41 50
13 19
0 6
0 6
22 28
0 10
32 43
0 6
32 37
0 6
21 32
0 14
32 40
19 25
0 6
0 6
24 33
0 6
19 25
19 25
19 25
41 46
32 40
0 6
38 46
18 25
36 39
55 58
29 47
32 44
25 34
5 16
27 47
15 24
0 9
22 28
4 10
5 11
11 17
32 37
0 6
0 6
0 9
0 4
19 25
19 28
0 6
19 25
22 28
0 7
0 6
22 27
0 6
17 21
16 24
32 40
0 6
23 32
0 6
16 22
25 34
38 42
0 6
19 25
21 29
0 6
0 8
0 6
0 6
0 6
19 25
32 37
11 17
0 8
32 42
15 19
5 18
16 24
12 17
32 37
0 6
25 34
0 6
0 6
0 18
6 21
9 18
19 25
19 25
0 7
32 39
32 40
32 38
32 37
18 27
0 6
0 6
0 25
32 40
25 34
21 34
29 35
40 67
0 6
5 16
22 28
19 25
0 11
32 40
0 13
45 50
11 17
0 6
0 6
31 36
25 32
19 25
19 25
0 9
22 34
0 14
12 26
15 24
0 13
11 17
0 12
19 25
0 6
13 16
32 37
19 25
0 6
11 17
22 28
11 17
32 40
32 40
25 34
19 25
0 9
25 34
32 37
25 33
32 37
22 28
32 40
19 28
41 48
32 37
0 4
52 58
5 11
0 19
0 6
27 43
0 6
0 6
16 23
0 3
11 17
25 37
5 13
13 27
32 37
25 34
5 18
33 55
25 34
32 40
0 6
9 17
11 17
25 33
5 16
32 37
22 28
0 6
16 22
5 27
22 28
4 10
32 40
5 15
16 22
9 18
19 25
31 36
0 9
9 12
0 6
0 5
9 18
32 44
9 15
0 6
5 23
14 23
16 24
11 17
32 37
25 30
32 40
32 40
25 30
0 26
33 42
26 32
5 11
32 37
11 17
32 40
0 6
49 58
9 18
31 39
25 34
20 29
22 28
9 15
0 6
0 6
0 6
0 5
0 9
30 39
14 19
43 47
14 23
21 29
16 24
5 12
32 40
4 15
11 17
11 17
0 8
27 35
14 31
19 25
7 11
16 22
11 17
26 40
22 28
32 40
0 6
32 37
34 42
32 37
0 16
18 22
25 34
0 6
9 14
19 25
11 17
0 15
29 37
11 17
23 28
30 39
23 32
0 6
11 17
22 31
43 47
19 25
19 25
32 37
57 61
0 6
0 14
0 6
32 40
16 22
0 6
11 17
22 28
0 7
16 22
22 30
29 34
0 6
0 6
0 9
18 27
32 40
0 6
34 39
32 42
22 28
16 20
0 6
19 27
48 56
19 25
0 7
11 17
26 31
23 41
32 40
3 9
35 64
0 4
0 6
32 37
32 37
32 37
19 25
0 6
0 6
5 16
34 43
0 6
17 22
14 23
27 35
9 15
32 37
16 22
27 32
16 21
0 6
15 24
32 37
0 6
0 11
0 6
26 34
11 17
32 40
0 14
32 37
5 13
20 25
32 40
0 6
45 50
19 25
2 8
32 40
32 37
32 37
0 11
4 11
0 6
0 6
11 17
19 25
25 31
16 22
0 13
22 28
0 6
39 52
5 11
0 10
11 17
32 40
0 6
32 43
15 22
11 17
7 11
14 18
56 60
9 15
0 5
28 47
11 17
40 63
18 27
16 22
4 15
0 13
0 6
21 35
29 42
25 34
0 10
19 25
16 29
22 34
10 16
0 6
9 15
0 13
32 40
0 4
27 34
32 40
18 22
19 25
22 28
22 28
0 6
19 25
9 27
4 11
9 17
32 37
4 10
0 6
32 40
25 34
11 17
19 25
11 17
4 12
9 18
0 6
25 33
11 17
25 33
0 6
15 26
39 47
51 54
0 10
32 37
30 38
32 41
19 25
11 25
0 15
5 16
0 7
21 32
44 71
15 24
11 17
22 28
36 41
41 49
11 17
19 25
32 37
32 40
34 43
0 11
22 30
19 25
18 22
16 21
22 28
41 46
0 6
0 7
11 17
27 30
29 34
32 40
3 8
25 34
0 6
22 28
0 6
27 35
0 6
0 3
32 53
9 15
0 6
11 17
11 17
16 22
8 15
26 35
27 32
32 37
0 6
19 25
3 9
36 41
22 28
5 15
9 15
0 6
32 40
24 36
0 6
22 28
5 11
5 17
22 28
32 37
5 11
0 6
32 40
16 22
42 50
41 47
41 52
22 28
9 13
0 6
11 17
9 18
32 40
29 38
4 7
11 17
22 28
18 27
0 6
20 27
32 40
5 9
0 6
11 17
46 70
0 7
43 49
0 5
27 36
21 26
0 18
0 18
27 35
19 25
18 24
3 16
32 40
4 10
32 47
0 6
19 25
14 28
10 13
4 10
14 28
25 33
4 11
16 34
19 25
18 27
22 28
4 8
0 8
4 10
33 42
16 36
11 17
0 6
0 9
11 17
32 40
0 6
32 40
35 41
0 4
40 46
22 28
32 38
25 34
14 23
32 40
19 45
32 38
19 25
11 17
11 18
0 6
14 20
0 6
17 21
7 21
0 6
48 54
22 28
32 37
32 37
0 6
5 8
0 7
0 6
4 10
21 27
37 45
0 10
28 36
5 11
0 18
25 31
32 37
19 25
4 11
15 24
0 6
0 6
5 16
31 39
42 53
0 6
16 22
0 8
0 11
0 6
32 36
0 6
32 37
41 49
16 29
60 64
0 6
22 28
19 25
32 37
25 33
41 55
0 5
36 42
19 25
30 50
0 6
0 4
2 16
25 34
32 41
32 37
5 16
4 10
5 14
0 6
5 15
32 39
32 37
19 25
37 45
0 7
0 6
0 3
11 17
25 33
26 51
19 23
0 6
32 37
30 38
22 30
47 55
41 47
32 43
5 11
11 17
32 45
5 16
22 28
4 11
15 25
22 28
18 32
22 28
25 34
32 40
17 26
41 62
0 6
11 17
5 18
16 22
5 15
16 25
16 22
11 17
32 40
47 61
37 45
4 10
22 28
0 9
0 6
25 33
0 6
20 32
16 21
11 17
32 37
11 17
11 16
0 6
10 14
9 15
16 22
10 19
2 16
25 33
0 6
0 6
11 17
2 8
25 34
25 34
0 7
32 37
32 40
32 37
0 11
